"time","L","S","E","I_S","I_A","H","R","D"
0.,0.,0.729866143,0.00067033,0.00009283,0.00120986,0.00013415796900000001,0.26612593900000003,0.00190074,""
0.5,0.,0.7304883320915544,0.0007233150087943053,0.00008792774064902902,0.0011703439830345593,0.00013404550255495648,0.2654942010268571,0.0019018346155557,""
1.,0.,0.7311125080665554,0.0007678002890127816,0.00008422508838800686,0.0011379906180154,0.00013352891766408534,0.2648610204238393,0.0019029265655251585,""
1.5,0.,0.7317379347896483,0.0008052569381100332,0.00008147701197448765,0.0011116079650004072,0.0001327371031133467,0.26422697306940723,0.0019040130917461061,""
2.,0.,0.7323639982510659,0.0008369251743569988,0.00007948259461316492,0.0010901867348019293,0.00013177060722352992,0.26359254424030204,0.0019050923666363408,""
2.5,0.,0.7329901952393485,0.0008638229384796669,0.00007808147985717244,0.0010728952274896143,0.00013070548522838108,0.26295813630377596,0.0019061632948206716,""
3.,0.,0.7336161123371373,0.0008867878736165528,0.0000771456985691547,0.0010590461447503713,0.00012959863841991532,0.26232408394426826,0.0019072253322383545,""
3.5,0.,0.7342414097660992,0.0009065095362723102,0.00007657327661198015,0.0010480712722956847,0.00012849208782690684,0.26169066569338895,0.0019082783365048398,""
4.,0.,0.7348658027019269,0.0009235667677554686,0.00007628110331428105,0.0010394918699198113,0.00012741753190651013,0.2610581175768478,0.001909322417328969,""
4.5,0.,0.735489060019246,0.0009384302899193591,0.00007620452534951026,0.0010329164669501114,0.0001263965304310367,0.26042663420284534,0.0019103579342583746,""
5.,0.,0.7361109908802299,0.0009514895058043267,0.00007629227293280004,0.0010280196389653832,0.00012544372266360513,0.25979637855617294,0.0019113853922308197,""
5.5,0.,0.7367314387375401,0.0009630644762144516,0.00007650414469156541,0.0010245325450503472,0.0001245683324620387,0.259167486342208,0.0019124053908332241,""
6.,0.,0.7373502740361748,0.0009734206251787544,0.00007680852387828646,0.00102223103396416,0.00012377550987120967,0.25854007164737414,0.0019134185925583783,""
6.5,0.,0.7379673898271026,0.0009827774296539927,0.00007718054691135353,0.0010209289026318832,0.00012306764157460126,0.25791422994849583,0.0019144256726294456,""
7.,0.,0.7385826935247047,0.000991325122230238,0.00007759949345582802,0.0010204642082690856,0.00012244557344625058,0.2572900447456671,0.001915427301226575,""
7.5,0.,0.7391961163710036,0.0009992056489765307,0.00007805205335380798,0.0010207146003323206,0.00012190680482359829,0.25666758030201364,0.0019164241884963263,""
8.,0.,0.7398075979401385,0.0010065438466130606,0.00007852701686755656,0.0010215721821069698,0.00012144839610125124,0.2560468935736687,0.001917417013503738,""
8.5,0.,0.7404170897268538,0.0010134401123845734,0.00007901629738380632,0.0010229496093688121,0.00012106660989612569,0.25542803119200835,0.0019184064211043162,""
9.,0.,0.741024550128809,0.0010199806079080834,0.00007951345760958519,0.0010247716587903908,0.00012075748905459452,0.25481103360558943,0.001919393021238753,""
9.5,0.,0.741629943950412,0.0010262381954009706,0.00008001342460489787,0.0010269745756591063,0.00012051712511302957,0.2541959353220982,0.001920377375711461,""
10.,0.,0.7422332435301648,0.001032270308932416,0.00008051315627891795,0.001029507500988322,0.00012034102661587409,0.2535827644167392,0.0019213600292802033,""
10.5,0.,0.7428344254832855,0.0010381255014467873,0.00008101053760857625,0.0010323272096691763,0.00012022471522272437,0.25297154502618185,0.0019223414955851514,""
11.,0.,0.7434334708420542,0.0010438430490052521,0.00008150424528932993,0.0010353986058662288,0.00012016398338778062,0.2523622970034269,0.0019233222399700617,""
11.5,0.,0.7440303633798915,0.0010494565314115131,0.00008199355819560252,0.0010386914697562027,0.00012015462422422052,0.2517550376973758,0.0019243027081449196,""
12.,0.,0.7446250890176789,0.001054994869753736,0.00008247793070134656,0.0010421798686941488,0.00012019289162823108,0.251149782088943,0.0019252833016004248,""
12.5,0.,0.7452176369987665,0.0010604800028266575,0.00008295742427067367,0.001045843971373659,0.00012027522992023791,0.25054654195566084,0.0019262643861812122,""
13.,0.,0.7458079970634789,0.0010659327335711302,0.00008343211507223937,0.0010496650106909871,0.00012039824453833783,0.24994532848796885,0.001927246313679398,""
13.5,0.,0.7463961615512875,0.0010713682956756828,0.0000839024462154888,0.0010536291901931184,0.00012055887011477127,0.24934615021915907,0.0019282293963541447,""
14.,0.,0.7469821232878822,0.0010768008404498219,0.00008436889458062125,0.001057723713577223,0.00012075416230182036,0.24874901513498754,0.0019292139352206587,""
14.5,0.,0.7475658763486329,0.001082241697389233,0.00008483198800437768,0.0010619384234807285,0.00012098154940917562,0.2481539297637255,0.0019302001983578468,""
15.,0.,0.7481474156562947,0.0010877003652745463,0.00008529236539661993,0.001066264805729371,0.00012123858281580523,0.24756089975356474,0.0019311884399240734,""
15.5,0.,0.7487267365766128,0.0010931852184987681,0.00008575060114886491,0.0010706954767093794,0.00012152309378976164,0.24696993010950996,0.0019321788927302308,""
16.,0.,0.7493038353506247,0.0010987026789519116,0.00008620733600561523,0.0010752248523898734,0.00012183312493609651,0.24638102485638014,0.0019331717697114851,""
16.5,0.,0.749878708402705,0.0011042585850424421,0.00008666314273168768,0.0010798479739013564,0.00012216692343097686,0.2457941876722671,0.0019341672689212875,""
17.,0.,0.7504513525356031,0.001109857945247727,0.0000871186250092985,0.001084560643580595,0.0001225228209811251,0.2452094218182652,0.0019351655803127958,""
17.5,0.,0.7510217647145971,0.001115505339423581,0.00008757436785503824,0.0010893590923603108,0.00012289924881958965,0.24462673031980542,0.0019361668861387158,""
18.,0.,0.751589942356114,0.0011212039723493272,0.00008803082001412604,0.0010942410030885938,0.00012329508075468662,0.24404611540051857,0.0019371713361605325,""
18.5,0.,0.7521558826911175,0.0011269576140846653,0.00008848848625159709,0.0010992034617454533,0.00012370900865640692,0.24346757961364757,0.0019381790934965503,""
19.,0.,0.7527195832587155,0.0011327691489470097,0.0000889478326615498,0.0011042444446878502,0.00012413993464322496,0.24289112504424937,0.0019391903050953803,""
19.5,0.,0.7532810420362096,0.0011386401953368092,0.00008940926388403735,0.0011093632064637247,0.00012458707074905462,0.2423167531021603,0.001940205094196235,""
20.,0.,0.753840256721295,0.0011445731732462102,0.00008987322223590538,0.001114558193778167,0.00012504943490417172,0.24174446562462193,0.001941223598918538,""
20.5,0.,0.7543972251469692,0.001150569777643111,0.00009034004794373315,0.001119828667665894,0.00012552633819710182,0.24117426405396364,0.0019422459366172273,""
21.,0.,0.7549519451749177,0.00115663155122742,0.00009081005995025444,0.0011251740599923215,0.0001260171530134879,0.24060614974959554,0.0019432722203031867,""
21.5,0.,0.755504414334691,0.0011627604014299384,0.00009128363112873472,0.0011305935567296017,0.00012652112261788312,0.24004012434125316,0.0019443025811496592,""
22.,0.,0.7560546289299168,0.0011689584467425606,0.00009176114880530437,0.0011360868364927667,0.00012703752987142472,0.23947618989089323,0.0019453371862777683,""
22.5,0.,0.7566025883588995,0.0011752259850074376,0.00009224266512669782,0.0011416539042705565,0.00012756628456938863,0.23891434671009748,0.0019463760610287776,""
23.,0.,0.7571482920146301,0.0011815633257356334,0.00009272823678681175,0.0011472947467226025,0.00012810728828238334,0.23835459512588442,0.0019474192309580022,""
23.5,0.,0.7576917347734791,0.001187973081441764,0.00009321834232632258,0.0011530092512457926,0.00012865971018962612,0.23779693789854497,0.0019484669117722216,""
24.,0.,0.7582329154753974,0.0011944558436296153,0.00009371309009242189,0.001158797392345469,0.00012922336218359977,0.23724137565304132,0.0019495191523099674,""
24.5,0.,0.7587718335209387,0.001201011862224429,0.00009421252255145286,0.001164659214529676,0.0001297981800878383,0.23668790869398915,0.001950575974678551,""
25.,0.,0.759308483499432,0.0012076433930804094,0.00009471702300955129,0.0011705951195331808,0.00013038358463812069,0.23613653977088533,0.001951637578421129,""
25.5,0.,0.7598428641192869,0.0012143509746963838,0.00009522668296638258,0.0011766052032547794,0.00013097943755729073,0.235587269540067,0.0019527040111709908,""
26.,0.,0.7603749751731744,0.0012211346534706604,0.00009574150690465794,0.0011826895191332989,0.00013158574097569213,0.23504009809733994,0.001953775278001104,""
26.5,0.,0.7609048136352496,0.0012279952512599588,0.00009626159712433199,0.0011888487095959453,0.00013220243807544803,0.2344950268754472,0.001954851462247242,""
27.,0.,0.7614323760304531,0.0012349339668927244,0.00009678713609000616,0.0011950832702047971,0.00013282930870957426,0.23395205758064813,0.001955932676001402,""
27.5,0.,0.7619576591921179,0.0012419519579610194,0.00009731830667802601,0.0012013935906409576,0.0001334661126858762,0.23341119178332104,0.0019570190255949124,""
28.,0.,0.7624806599535771,0.001249050382056906,0.00009785529176473705,0.001207780060585529,0.00013411260981215927,0.23287243105384423,0.0019581106173591,""
28.5,0.,0.7630013751481637,0.0012562303967724464,0.00009839827422648482,0.0012142430697196151,0.00013476855989622892,0.23233577696259602,0.0019592075576252916,""
29.,0.,0.7635198016189464,0.001263493138486196,0.00009894743155321891,0.0012207830193357468,0.00013543373451303155,0.23180123107517736,0.0019603099509877438,""
29.5,0.,0.764035936557106,0.0012708389850695572,0.00009950274863967442,0.001227400725903056,0.0001361083259817469,0.23126879478636944,0.001961417839930258,""
30.,0.,0.7645497770888893,0.001278268455878948,0.00010006424630554356,0.0012340969284474136,0.00013679244813975764,0.2307384695228166,0.0019625312785221546,""
30.5,0.,0.765061320201398,0.0012857823734570895,0.00010063202235361719,0.001240872200042585,0.00013748604664687826,0.23021025677944232,0.001963650345659202,""
31.,0.,0.7655705628817339,0.0012933815603467023,0.00010120617458668615,0.001247727113762336,0.00013818906716292321,0.22968415805117007,0.00196477512023717,""
31.5,0.,0.7660775021169983,0.001301066839090507,0.00010178680080754128,0.0012546622426804325,0.00013890145534770705,0.22916017483292334,0.0019659056811518268,""
32.,0.,0.7665821348942319,0.001308839032219542,0.00010237399881462726,0.0012616781599004776,0.00013962315687480748,0.22863830861965992,0.001967042107298415,""
32.5,0.,0.7670844574427615,0.0013166988180739869,0.0001029678127624972,0.001268775806797902,0.00014035428729392333,0.2281185613302451,0.0019681844710647844,""
33.,0.,0.7675844657284913,0.0013246468248653506,0.00010356826815613812,0.0012759562527796726,0.00014109502121303327,0.22760093503091774,0.0019693328425764577,""
33.5,0.,0.7680821563051241,0.0013326837926616593,0.00010417543211495651,0.0012832202815647139,0.0001418454014581746,0.22708543145906904,0.0019704872970070886,""
34.,0.,0.7685775257263624,0.00134081046153094,0.0001047893717583589,0.0012905686768719506,0.00014260547085538457,0.2265720523520903,0.001971647909530329,""
34.5,0.,0.7690705705459091,0.0013490275715412187,0.00010541015420575176,0.0012980022224203071,0.0001433752722307005,0.22606079944737276,0.001972814755319832,""
35.,0.,0.7695612873174669,0.0013573358627605224,0.00010603784657654162,0.0013055217019287079,0.0001441548484101596,0.22555167448230767,0.001973987909549251,""
35.5,0.,0.7700496719446194,0.0013657362444514203,0.00010667253105186944,0.0013131278581581707,0.0001449442295074645,0.22504467970837191,0.001975167452839451,""
36.,0.,0.7705357194071489,0.0013742298662974748,0.00010731431121520459,0.0013208213756696063,0.00014574342757242464,0.22453981810754436,0.0019763534735516455,""
36.5,0.,0.7710194256546555,0.001382817625585462,0.00010796326818160038,0.0013286030001230821,0.00014655247361853693,0.2240370918949143,0.0019775460519211403,""
37.,0.,0.7715007866653476,0.0013915004121567798,0.00010861948240332089,0.0013364734789810119,0.00014737139921870248,0.22353650326294872,0.0019787452679435372,""
37.5,0.,0.7719797984174335,0.0014002791158528253,0.00010928303433263022,0.00134443355970581,0.00014820023594582253,0.22303805440411462,0.001979951201614438,""
38.,0.,0.7724564568891218,0.0014091546265149954,0.00010995400442179247,0.00135248398975989,0.00014903901537279818,0.22254174751087896,0.001981163932929445,""
38.5,0.,0.7729307562243257,0.0014181283206337705,0.00011063248419915532,0.0013606256766503337,0.00014988779749297812,0.22204758589565177,0.001982383570045887,""
39.,0.,0.7734026873654463,0.0014272025023810417,0.00011131855970033951,0.0013688596319529692,0.00015074670549024044,0.22155557494182102,0.001983610262207757,""
39.5,0.,0.7738722495787888,0.0014363773623339835,0.00011201223664795569,0.0013771859288077167,0.0001516157500251125,0.2210657150912968,0.001984844021099276,""
40.,0.,0.7743394428641595,0.0014456529005274384,0.0001127135150451091,0.001385604567252367,0.00015249493110089027,0.22057800634419067,0.0019860848467237557,""
40.5,0.,0.77480425829782,0.0014550307209200443,0.00011342253783801689,0.0013941172869485572,0.00015338440044249403,0.2200924538334904,0.001987332891540192,""
41.,0.,0.7752666871210475,0.0014645123978104684,0.0001141394453295733,0.0014027257953885708,0.00015428430696918776,0.21960906259726606,0.00198858830518835,""
41.5,0.,0.7757267293338419,0.0014740979311987108,0.00011486423751977833,0.0014114300925724078,0.00015519465068097147,0.21912783263551766,0.00198985108766823,""
42.,0.,0.7761843835578938,0.0014837875654135553,0.00011559693742977685,0.0014202304329903733,0.00015611545237172219,0.21864876476119252,0.0019911212617079363,""
42.5,0.,0.7766396358137769,0.0014935837785457111,0.0001163377785502134,0.0014291293977958268,0.00015704692294214782,0.21817186721956286,0.0019923990578259664,""
43.,0.,0.7770924824607695,0.0015034872159749768,0.00011708682169005857,0.0014381276592096144,0.00015798911731802488,0.2176971421579803,0.0019936845360572415,""
43.5,0.,0.7775429234988713,0.001513497877701352,0.00011784406684931236,0.0014472252172317362,0.00015894203549935332,0.21722458957644486,0.0019949776964017624,""
44.,0.,0.7779909567094958,0.0015236161750729364,0.00011860954107911465,0.0014564224106765394,0.00015990571417749726,0.2167542108468194,0.0019962785716784283,""
44.5,0.,0.7784365731972428,0.0015338437369351381,0.00011938336416595049,0.001465720678189036,0.00016088029682035797,0.21628601139790996,0.0019975872977364933,""
45.,0.,0.7788797658026433,0.0015441818513746825,0.00012016564519661815,0.0014751212674023832,0.00016186589481742545,0.2158199955188802,0.001998903988685115,""
45.5,0.,0.7793205275256618,0.001554631776527104,0.00012095649153027476,0.0014846254031330335,0.00016286261685181328,0.21535616739893929,0.002000228756356413,""
46.,0.,0.7797588513662628,0.001565194770527938,0.00012175601052607746,0.0014942343101974394,0.00016387057160663517,0.21489453122729632,0.0020015617125825054,""
46.5,0.,0.7801947303244109,0.0015758720915127191,0.0001225643095431834,0.001503949213412053,0.00016488986776500472,0.2144350911931604,0.002002902969195512,""
47.,0.,0.7806281574000704,0.0015866649976169825,0.0001233814959407497,0.001513771337593327,0.00016592061401003564,0.2139778514857407,0.002004252638027551,""
47.5,0.,0.7810591266235829,0.001597574541040862,0.00012420763264181473,0.0015237015272941974,0.00016696291107952104,0.21352281593222422,0.0020056108011362282,""
48.,0.,0.7814876325896873,0.0016086016611816497,0.00012504275822916062,0.0015337404187750756,0.0001680168553591382,0.21306998816149744,0.002006977524269909,""
48.5,0.,0.7819136689028535,0.0016197474953559736,0.00012588695399200564,0.0015438890137580731,0.00016908255087061212,0.2126193721503771,0.002008352901792495,""
49.,0.,0.7823372291658205,0.0016310131812263269,0.00012674030129419792,0.0015541483146039492,0.00017016010164901186,0.21217097187628794,0.0020097370281178953,""
49.5,0.,0.7827583069813274,0.0016423998564552024,0.00012760288149958555,0.0015645193236734634,0.00017124961172940647,0.21172479131665473,0.002011129997660017,""
50.,0.,0.7831768959521135,0.0016539086587050934,0.00012847477597201665,0.0015750030433273744,0.000172351185146865,0.2112808344489022,0.0020125319048327687,""
50.5,0.,0.7835929896474425,0.0016655407295861526,0.00012935606613809583,0.0015856004787910404,0.0001734649265991509,0.21083910527614982,0.002013942844293025,""
51.,0.,0.7840065798510908,0.0016772974212660293,0.00013024683677168809,0.0015963127880797626,0.00017459097613035699,0.2103996091720043,0.002015362923656839,""
51.5,0.,0.7844176585852997,0.0016891800577908892,0.0001311471721996075,0.0016071411088026356,0.00017572946906381696,0.20996235132703367,0.0020167922488094725,""
52.,0.,0.7848262186999138,0.0017011898656099532,0.0001320571551971565,0.0016180865077480423,0.00017688052433924572,0.20952733629656223,0.002018230919629388,""
52.5,0.,0.7852322530447777,0.001713328071172442,0.0001329768685396376,0.001629150051704365,0.00017804426089635812,0.20909456863591425,0.0020196790359950497,""
53.,0.,0.7856357544697362,0.001725595900927576,0.0001339063950023533,0.0016403328074599869,0.0001792207976748691,0.2086640529004139,0.0020211366977849203,""
53.5,0.,0.786036715824634,0.0017379945813245765,0.0001348458173606061,0.0016516358418032907,0.00018041025361449354,0.2082357936453855,0.0020226040048774638,""
54.,0.,0.786435129779404,0.001750525343627433,0.00013579522255389667,0.0016630602492226708,0.00018161274773287006,0.2078097955677018,0.002024081058757124,""
54.5,0.,0.7868309869373593,0.0017631894744067895,0.0001367547453553552,0.0016746074423931304,0.00018282839994273684,0.2073860649901865,0.0020255679793560522,""
55.,0.,0.7872242788636676,0.0017759882344922295,0.00013772449827517891,0.0016862786858978965,0.00018405732974023103,0.20696460747890627,0.0020270648780203893,""
55.5,0.,0.7876149976287427,0.0017889228711920181,0.00013870458212924435,0.0016980751665302337,0.00018529965640265658,0.20654542820241678,0.0020285718615861968,""
56.,0.,0.7880031353029979,0.0018019946318144203,0.0001396950977334281,0.0017099980710834073,0.00018655549920731755,0.20612853232927378,0.0020300890368895375,""
56.5,0.,0.7883886839568469,0.001815204763667701,0.00014069614590360668,0.0017220485863506825,0.0001878249774315179,0.20571392502803296,0.002031616510766474,""
57.,0.,0.7887716356607031,0.0018285545140601254,0.0001417078274556567,0.0017342278991253242,0.00018910821035256157,0.20530161146725007,0.002033154390053068,""
57.5,0.,0.7891519821148818,0.0018420451330008064,0.00014273025410645437,0.0017465372566903697,0.00019040531524799564,0.20489159711001745,0.002034702785054972,""
58.,0.,0.7895297133001343,0.0018556778830476418,0.00014376358822152765,0.0017589781873788054,0.00019171640010401777,0.20448388878791512,0.0020362618221983777,""
58.5,0.,0.7899048202272153,0.0018694540192419206,0.00014480796182831992,0.0017715520511772391,0.00019304157847225995,0.20407849251281138,0.002037831618253419,""
59.,0.,0.7902772941009285,0.0018833747952088278,0.0001458635012386791,0.001784260176356373,0.0001943809649528636,0.20367541414214355,0.0020394122881710604,""
59.5,0.,0.7906471261260778,0.001897441464573548,0.0001469303327644531,0.00179710389118691,0.0001957346741459702,0.20327465953334886,0.0020410039469022662,""
60.,0.,0.7910143072240582,0.0019116553707453903,0.00014800857019398842,0.0018100844975264233,0.00019710283404824803,0.20287623476136024,0.002042606711067308,""
60.5,0.,0.7913788269768169,0.0019260182814715794,0.00014909826812703304,0.0018232031723986997,0.00019848563597105792,0.20248014692903854,0.0020442207051759404,""
61.,0.,0.7917406757629142,0.0019405317121318627,0.0001501995163647081,0.001836461167070215,0.00019988323357046598,0.2020864025279026,0.0020458460490457874,""
61.5,0.,0.7920998441144221,0.0019551971294732,0.000151312411491659,0.0018498597471144744,0.0002012957732461282,0.20169500793166195,0.0020474828615902703,""
62.,0.,0.7924563225634134,0.0019700160002425514,0.000152437050092531,0.0018634001781049822,0.00020272340139770045,0.20130596951402593,0.0020491312617228106,""
62.5,0.,0.7928101013535611,0.0019849898326278915,0.00015357352691347566,0.001877083739043337,0.00020416627042489532,0.20091929387580473,0.002050791370624423,""
63.,0.,0.7931611693420049,0.0020001203340529266,0.00015472192786172818,0.0018909117734893022,0.0002056245615738631,0.20053498870963918,0.0020524633203780215,""
63.5,0.,0.7935095162045963,0.002015409094297842,0.00015588234406367413,0.0019048855868827221,0.00020709843905768237,0.20015306106347247,0.0020541472366292324,""
64.,0.,0.7938551317785598,0.0020308576799546335,0.0001570548676744225,0.001919006477149795,0.000208588063732119,0.19977351785817427,0.002055843243754857,""
64.5,0.,0.7941980059011199,0.002046467657615297,0.0001582395908490822,0.0019332757422167181,0.0002100935964529388,0.1993963660146143,0.0020575514661316957,""
65.,0.,0.794538128153683,0.00206224056298964,0.0001594366196426225,0.0019476947453868415,0.00021161519203689066,0.1990216126642803,0.0020592720309805636,""
65.5,0.,0.7948754868665128,0.0020781777807501733,0.00016064612809085538,0.001962265169707299,0.00021315297576535703,0.19864926596874175,0.002061005079431657,""
66.,0.,0.7952100711033118,0.0020942807841097654,0.0001618682503781903,0.0019769885107865626,0.00021470709023380075,0.19827933348571852,0.002062750744461281,""
66.5,0.,0.7955418700756418,0.0021105510641307697,0.00016310311265510652,0.001991866226445998,0.00021627768152815438,0.19791182265119617,0.002064509157401941,""
67.,0.,0.7958708729950645,0.00212699011187554,0.0001643508410720831,0.002006899774506971,0.00021786489573435048,0.19754674090116023,0.00206628044958614,""
67.5,0.,0.7961970687932355,0.0021435994278996436,0.0001656115669324065,0.0020220906477335415,0.00021946887931481834,0.19718409589888594,0.00206806475499811,""
68.,0.,0.7965204450075805,0.002160380560044828,0.00016688544720576032,0.002037440512941115,0.00022108978060733672,0.19682389643978992,0.002069862220830477,""
68.5,0.,0.7968409899837581,0.0021773350287411196,0.0001681726239830597,0.0020529509360478174,0.00022272774686254732,0.19646615066298834,0.002071672986618981,""
69.,0.,0.797158692234397,0.0021944643487556395,0.0001694732362814597,0.002068623462127707,0.00022438292510650347,0.1961108665720141,0.002073497190317551,""
69.5,0.,0.7974735402721259,0.002211770034855508,0.00017078742311811532,0.0020844596362548425,0.00022605546236525856,0.19575805217040018,0.002075334969880115,""
70.,0.,0.7977855222619358,0.002229253675175315,0.00017211531545892545,0.0021004609957403953,0.0002277455164034677,0.19540771573842186,0.0020771864658641606,""
70.5,0.,0.7980946248199613,0.002246917184729146,0.00017345700839843377,0.002116629043308974,0.00022945329283027046,0.19505986678934473,0.0020790518304270034,""
71.,0.,0.7984008355032414,0.0022647622799572757,0.0001748126188224305,0.0021329653026959435,0.00023117896819008476,0.1947145140874135,0.002080931208679258,""
71.5,0.,0.7987041420364666,0.0022827906419178065,0.00017618226749950214,0.0021494713013803972,0.00023292271384853363,0.19437166626341112,0.002082824744475947,""
72.,0.,0.7990045321443273,0.0023010039516688408,0.00017756607519823532,0.0021661485668414276,0.0002346847011712401,0.19403133194812067,0.002084732581672094,""
72.5,0.,0.7993019931809628,0.0023194039313847634,0.00017896416210976226,0.002182998646092112,0.00023646510711062,0.19369352007396867,0.0020866548673710997,""
73.,0.,0.7995965110222306,0.002337992467269577,0.00018037664612151455,0.002200023164074554,0.00023826413090708259,0.19335824077676103,0.0020885917616354725,""
73.5,0.,0.7998880724832852,0.002356771341303225,0.00018180364658469013,0.0022172236962149264,0.00024008195763929502,0.19302550342767896,0.002090543416293533,""
74.,0.,0.8001766645232599,0.0023757423194897963,0.00018324528307485854,0.002234601810349412,0.0002419187702151594,0.19269531728069933,0.002092509981911433,""
74.5,0.,0.8004622741012879,0.0023949071678333795,0.00018470167516758935,0.002252159074314194,0.00024377475154257786,0.19236769158979886,0.002094491609055327,""
75.,0.,0.8007448877936703,0.002414267636698211,0.00018617295445907313,0.002269897119929839,0.0002456500810860507,0.19204263593077717,0.0020964884523792635,""
75.5,0.,0.8010244908084674,0.0024338254205518166,0.00018765929550710415,0.002287817807696586,0.0002475449260033884,0.1917201610296261,0.0020985006811474038,""
76.,0.,0.8013010692618262,0.002453582250959759,0.00018916084435632958,0.002305922846342473,0.00024945946162021693,0.1914002768489675,0.0021005284549273375,""
76.5,0.,0.8015746093891655,0.002473539864360223,0.0001906777433063518,0.0023242139246610954,0.00025139386433496003,0.19108299325115868,0.002102571932013063,""
77.,0.,0.8018450974259039,0.0024936999971913927,0.0001922101346567731,0.0023426927314460486,0.00025334831054604144,0.19076832009855707,0.0021046312706985795,""
77.5,0.,0.8021125189947359,0.002514064423172817,0.00019375816505362648,0.0023613610032513633,0.000255322981374098,0.19045626776622174,0.0021067066351902514,""
78.,0.,0.8023768578948547,0.002534635026975381,0.00019532199407815506,0.00238022061876868,0.00025731807199332545,0.19014684815503957,0.0021087982072899637,""
78.5,0.,0.8026380994435733,0.0025554136008996255,0.00019690177054264825,0.0023992733383557804,0.00025933376587790655,0.1898400718955997,0.0021109061541507994,""
79.,0.,0.8028962291164006,0.0025764019276206277,0.0001984976421372151,0.0024185209100394483,0.00026137024528282267,0.18953594948611968,0.0021130306413993604,""
79.5,0.,0.8031512323888456,0.0025976017898134657,0.00020010975655196473,0.0024379650818464682,0.0002634276924630553,0.18923449142481702,0.002115171834662249,""
80.,0.,0.8034030947364169,0.0026190149701532162,0.00020173826147700625,0.0024576076018036253,0.0002655062896735858,0.1889357082099093,0.002117329899566067,""
80.5,0.,0.8036518016346238,0.0026406432513149565,0.00020338330460244877,0.002477450217937704,0.0002676062191693954,0.18863961033961404,0.0021195050017374165,""
81.,0.,0.8038973379691841,0.002662488466324896,0.00020504503338383544,0.0024974947077180455,0.0002697276706991209,0.1883462088092965,0.0021216973123932836,""
81.5,0.,0.8041396854580836,0.002684552718642242,0.0002067235940168696,0.002517743006748251,0.0002718708742593846,0.18805551728447317,0.002123907032776283,""
82.,0.,0.8043788279301356,0.0027068379315223867,0.0002084191335367525,0.002538196945258698,0.00027403603302744657,0.1877675476513975,0.0021261343441213634,""
82.5,0.,0.8046147496820817,0.0027293459882731567,0.00021013179916478528,0.0025588583301206363,0.0002762233442352527,0.187482311401896,0.0021283794232281775,""
83.,0.,0.8048474350106635,0.002752078772202378,0.000211861738122269,0.002579728968205316,0.00027843300511474914,0.18719982002779526,0.0021306424468963774,""
83.5,0.,0.8050768682126221,0.002775038166617876,0.00021360909763050483,0.0026008106663839878,0.0002806652128978818,0.1869200850209218,0.002132923591925616,""
84.,0.,0.8053030335846992,0.0027982260548274776,0.00021537402491079383,0.0026221052315279,0.00028292016481659677,0.1866431178731022,0.0021352230351155445,""
84.5,0.,0.8055259151077756,0.0028216443441746474,0.00021715666686105372,0.002643614484173021,0.0002851980619428291,0.18636893034770036,0.0021375409563723067,""
85.,0.,0.8057454935158028,0.0028452951890800505,0.0002189571670549437,0.0026653403853233917,0.0002874991448221374,0.18609753699938084,0.0021398775675355902,""
85.5,0.,0.8059617511793833,0.0028691806194223587,0.00022077567074175222,0.0026872848251785686,0.00028982363410296407,0.18582895097582222,0.002142233064348626,""
86.,0.,0.8061746712224628,0.002893302607754061,0.00022261232394205316,0.0027094496613470844,0.0002921717412751884,0.18556318477707315,0.0021446076351455115,""
86.5,0.,0.806384236768987,0.002917663126627646,0.00022446727267642037,0.0027318367514374735,0.0002945436778286894,0.1853002509031822,0.002147001468260344,""
87.,0.,0.806590430942902,0.002942264148595602,0.00022634066296542776,0.0027544479530582696,0.00029693965525334645,0.185040161854198,0.00214941475202722,""
87.5,0.,0.8067932368681533,0.0029671076462104186,0.0002282326408296492,0.0027772851238180058,0.0002993598850390386,0.18478293013016914,0.0021518476747802375,""
88.,0.,0.8069926375414714,0.0029921955947441884,0.00023014335330289652,0.002800350130024786,0.0003018045792234905,0.1845285683440053,0.002154300426227624,""
88.5,0.,0.8071886129150517,0.003017530034554881,0.00023207297166790604,0.0028236450461858018,0.00030427396295552476,0.18427709180962046,0.002156773228963462,""
89.,0.,0.8073811438824932,0.0030431129858751954,0.0002340216597093788,0.0028471718824307863,0.0003067682573298678,0.1840285150057482,0.002159266295413166,""
89.5,0.,0.8075702124191715,0.0030689464458116787,0.00023598957259594904,0.0028709325749126983,0.00030928767878264364,0.18378285145140813,0.0021617798263172294,""
90.,0.,0.8077558005004623,0.0030950324114708792,0.00023797686549625104,0.0028949290597844964,0.0003118324437499762,0.18354011466561979,0.002164314022416147,""
90.5,0.,0.8079378901017412,0.0031213728799593453,0.00023998369357891905,0.002919163273199138,0.0003144027686679896,0.18330031816740278,0.002166869084450413,""
91.,0.,0.808116463198384,0.0031479698483836255,0.00024201021201258739,0.0029436371513095827,0.00031699886997280764,0.18306347547577662,0.002169445213160521,""
91.5,0.,0.8082915017613937,0.0031748253136997555,0.00024405657596908743,0.0029683526302911848,0.00031962096410680465,0.18282960011419427,0.0021720426093449416,""
92.,0.,0.8084629869110701,0.0032019412630984504,0.0002461229437723439,0.0029933116728038793,0.0003222692697346363,0.18259870642429843,0.002174661484221955,""
92.5,0.,0.8086308985287556,0.003229319703992308,0.00024820948280215166,0.0030185163191307225,0.00032494401053344675,0.18237080986111723,0.002177302062668424,""
93.,0.,0.8087952165016734,0.0032569626564972337,0.00025031636205456997,0.0030439686236976202,0.0003276454108165341,0.18214592584532768,0.0021799645689327576,""
93.5,0.,0.8089559207170471,0.0032848721407291335,0.00025244375052565777,0.003069670640930478,0.00033037369489719644,0.1819240697976068,0.002182649227263364,""
94.,0.,0.8091129910621002,0.0033130501768039123,0.0002545918172114742,0.003095624425255201,0.0003331290870887319,0.18170525713863164,0.0021853562619086526,""
94.5,0.,0.809266407424056,0.0033414987848374763,0.0002567607311080784,0.003121832031097694,0.00033591181170443857,0.18148950328907917,0.0021880858971170323,""
95.,0.,0.8094161496901378,0.003370219984945731,0.0002589506612115294,0.003148295512883863,0.0003387220930576146,0.18127682366962644,0.002190838357136912,""
95.5,0.,0.809562197747569,0.0033992157972445826,0.00026116177651788633,0.003175016925039613,0.000341560155461558,0.18106723370095046,0.0021936138662167013,""
96.,0.,0.8097045314835732,0.0034284882418499354,0.0002633942460232083,0.00320199832199085,0.00034442622322956694,0.18086074880372824,0.002196412648604808,""
96.5,0.,0.8098431307853737,0.003458039338877696,0.0002656482387235543,0.003229241758163479,0.00034732052067493944,0.18065738439863682,0.0021992349285496417,""
97.,0.,0.8099779756158847,0.003487871095549231,0.0002679239231007765,0.0032567492809530063,0.0003502432712059224,0.18045715585254363,0.002202080929762648,""
97.5,0.,0.8101090463766607,0.003517985334950797,0.00027022146496658375,0.0032845228751413043,0.0003531946873663714,0.18026007835427124,0.0022049508756428033,""
98.,0.,0.8102363217238431,0.0035483839432831053,0.00027254104265339346,0.0033125646408062536,0.00035617499053988445,0.18006616861990976,0.0022078450079643743,""
98.5,0.,0.810359779874411,0.00357906885371122,0.00027488283755593504,0.003340876713249083,0.00035918440593076266,0.17987544371181216,0.0022107635723296985,""
99.,0.,0.8104793990453439,0.0036100419994002046,0.00027724703106893784,0.0033694612277710215,0.00036222315874330713,0.17968792069233136,0.002213706814341114,""
99.5,0.,0.8105951574536212,0.0036413053135151228,0.00027963380458713135,0.003398320319673298,0.0003652914741818189,0.17950361662382033,0.0022166749796009573,""
100.,0.,0.8107070333162222,0.003672860729221039,0.0002820433395052449,0.0034274561242571416,0.00036838957745059906,0.17932254856863203,0.002219668313711567,""
100.5,0.,0.8108150048501264,0.0037047101796830167,0.00028447581721800785,0.003456870776823782,0.00037151769375394874,0.17914473358911945,0.0022226870622752792,""
101.,0.,0.810919050272313,0.00373685559806612,0.0002869314191201497,0.0034865664126744467,0.00037467604829616904,0.17897018874763548,0.0022257314708944323,""
101.5,0.,0.8110191477997616,0.003769298917535412,0.00028941032660639973,0.003516545167110366,0.000377864866281561,0.17879893110653317,0.002228801785171364,""
102.,0.,0.8111152756494514,0.003802042071255957,0.0002919127210714874,0.0035468091754327687,0.00038108437291442575,0.1786309777281654,0.002231898250708411,""
102.5,0.,0.8112074118859947,0.0038350869424530667,0.0002944387881007531,0.0035773605940510873,0.000384334791183229,0.17846634585150506,0.002235021115712052,""
103.,0.,0.8112955340215836,0.0038684350207979024,0.0002969887425189363,0.0036082017145938733,0.0003876163244907875,0.17830505350366171,0.0022381706413530014,""
103.5,0.,0.8113796203017405,0.0039020877347113324,0.00029956279891814194,0.003639334810399784,0.00039092917050809146,0.17814711807145348,0.00224134708126849,""
104.,0.,0.8114596484128658,0.003936047133012913,0.00030216107733487305,0.0036707617621071185,0.0003942735893616614,0.1779925573054705,0.002244550688846989,""
104.5,0.,0.8115355942717919,0.003970316883766467,0.0003047834380607285,0.003702483375792295,0.0003976500121942596,0.1778413902660352,0.002247781721358961,""
105.,0.,0.8116074339838596,0.00400490049236137,0.000307429758934961,0.003734500527439864,0.00040105885687346366,0.17769363591343285,0.002251040436097726,""
105.5,0.,0.8116751445459774,0.004039799959297319,0.00031010017927260257,0.0037668151562310613,0.0004045003707876435,0.17754931266179313,0.0022543270956406594,""
106.,0.,0.811738703273,0.004075016334769423,0.0003127950049077238,0.0037994298706749492,0.00040797469223892034,0.17740843882427818,0.0022576419691306797,""
106.5,0.,0.8117980871832421,0.0041105510363115,0.00031551447794004483,0.003832347015388168,0.00041148200045053773,0.17727103293012103,0.0022609853255464996,""
107.,0.,0.8118532730713466,0.004146405638363368,0.00031825881097173847,0.0038655687854917097,0.000415022488443977,0.1771371137384279,0.0022643574359546173,""
107.5,0.,0.8119042377241809,0.0041825814039314745,0.00032102827084954776,0.0038990975826434155,0.00041859631185222566,0.17700670010020567,0.002267758575336675,""
108.,0.,0.8119509577880687,0.004219079809751953,0.00032382308015919996,0.0039329356453999065,0.00042220365749393046,0.17687981097015334,0.0022711890179728145,""
108.5,0.,0.811993409260589,0.0042559032240512065,0.0003266432782081517,0.003967084516859846,0.0004258448378805778,0.1767564658148669,0.002274649036544153,""
109.,0.,0.8120315681010949,0.004293053893465779,0.0003294889248386374,0.004001545814058374,0.00042952015060759553,0.17663668417907727,0.0022781389058573213,""
109.5,0.,0.8120654104206447,0.004330533569080187,0.0003323601703017205,0.0040363214844854,0.00043322982848941995,0.1765204855909002,0.0022816589050982748,""
110.,0.,0.812094912290722,0.00436834386416806,0.0003352571862179339,0.0040714135493305935,0.0004369740880698386,0.1764078896745147,0.002285209315976745,""
110.5,0.,0.8121200496658911,0.004406486623307055,0.0003381800999498138,0.004106823864086395,0.00044075317682360204,0.17629891612001025,0.002288790418931644,""
111.,0.,0.8121407984454915,0.004444963240674696,0.00034112911208953353,0.004142554520489262,0.00044456728388537423,0.17619358486432568,0.0022924025020438217,""
111.5,0.,0.8121571345353761,0.0044837751635705735,0.00034410441459225785,0.004178607582412048,0.0004484166052706919,0.17609191581528538,0.002296045852492807,""
112.,0.,0.8121690337505805,0.004522923952850008,0.0003471061736486394,0.004214985017089524,0.0004523013546465331,0.17599392896275237,0.002299720757432311,""
112.5,0.,0.8121764715212876,0.004562411291318329,0.00035013450775038974,0.004251688586269444,0.00045622177270828417,0.175899644780463,0.0023034275092027705,""
113.,0.,0.8121794234361501,0.004602238811565863,0.00035318955503007573,0.004288720136312353,0.0004601780890219215,0.17580908354291055,0.002307166398008898,""
113.5,0.,0.8121778649562197,0.004642408105893255,0.00035627144813041105,0.004326081473009613,0.0004641705325674259,0.17572226573592067,0.002310937717258761,""
114.,0.,0.8121717713742738,0.004682920729803266,0.00035938031036508863,0.004363774343074841,0.00046819933348391104,0.17563921211371436,0.002314741764284643,""
114.5,0.,0.8121611180918524,0.00472377825843343,0.0003625162715632864,0.004401800532461245,0.00047226472066488846,0.17555994326005872,0.002318578833965864,""
115.,0.,0.8121458803600297,0.004764982102516742,0.0003656794686071773,0.004440161807737868,0.00047636690830784196,0.17548448009446602,0.0023224492273345386,""
115.5,0.,0.8121260334159509,0.004806533657608692,0.00036887003902700286,0.004478859933668936,0.0004805061092547909,0.17541284356749792,0.002326353245991507,""
116.,0.,0.812101552512618,0.004848434345791803,0.0003720881170259775,0.004517896666650293,0.0004846825394824362,0.1753450545965959,0.0023302911908354416,""
116.5,0.,0.8120724127405058,0.004890685470203943,0.0003753338280882161,0.0045572736764785135,0.0004888964091590265,0.1752811344755072,0.0023342633690571803,""
117.,0.,0.8120385892388874,0.004933288369695701,0.0003786073003157127,0.0045969926589513035,0.0004931479301967779,0.17522110438499455,0.0023382700859583593,""
117.5,0.,0.8120000571130193,0.004976244347619028,0.0003819086573152961,0.004637055273803556,0.0004974373133361658,0.17516498561520338,0.0023423116487031512,""
118.,0.,0.811956791370591,0.005019554615475444,0.00038523801231060245,0.004677463094194881,0.0005017647659155692,0.17511279974122737,0.002346388369285029,""
118.5,0.,0.8119087670727797,0.005063220434404735,0.00038859548419763873,0.0047182177403786996,0.0005061304970870067,0.17506456818307878,0.002350500557073263,""
119.,0.,0.8118559592381741,0.005107242947906534,0.00039198118518726603,0.004759320754921563,0.0005105347089429472,0.17502031260779757,0.0023546485260698964,""
119.5,0.,0.8117983428697451,0.00515162325756304,0.0003953952250728003,0.004800773652530506,0.0005149776010749121,0.17498005477107745,0.0023588325919360505,""
120.,0.,0.8117358929971289,0.005196362468150695,0.00039883771315244246,0.004842577944426297,0.0005194593730304632,0.1749438164030964,0.0023630530700146763,""
120.5,0.,0.811668584728043,0.005241461301136214,0.00040230873072684246,0.004884734838433365,0.0005239801994538053,0.17491161988204915,0.002367310289157404,""
121.,0.,0.811596393126536,0.005286920692363149,0.00040580837475507464,0.004927245712059145,0.000528540268917052,0.17488348722370867,0.002371604570660751,""
121.5,0.,0.8115192932401104,0.0053327416588988515,0.0004093367481289286,0.0049701120071011275,0.0005331397752693686,0.17485944030653244,0.0023759362329587312,""
122.,0.,0.811437260116269,0.005378925217810673,0.00041289395374019403,0.005013335165356802,0.0005377789123599202,0.17483950100897785,0.002380305594485357,""
122.5,0.,0.8113502688025147,0.0054254723861659635,0.00041648009448066054,0.00505691662862366,0.000542457874037872,0.17482369120950234,0.0023847129736746407,""
123.,0.,0.8112582943463501,0.005472384181032074,0.0004200952732421178,0.005100857838699191,0.0005471768541523891,0.17481203278656338,0.002389158688960596,""
123.5,0.,0.8111613117952781,0.005519661619476358,0.0004237395929163554,0.005145160237380887,0.000551936046552637,0.17480454761861838,0.0023936430587772357,""
124.,0.,0.8110592965636507,0.005567305142086531,0.0004274131171377811,0.005189824841487452,0.0005567356097630553,0.17480125827705575,0.002398166417818534,""
124.5,0.,0.8109522244603734,0.005615314569436969,0.00043111586731884156,0.005234852210765911,0.0005615756643157603,0.17480218807852266,0.002402729118266321,""
125.,0.,0.8108400707875868,0.005663690518448336,0.00043484791910194877,0.005280243492027006,0.0005664563795402793,0.17480735938245454,0.0024073314898409924,""
