 t   , NCL , NCS , NCE , NCIS, NCIA, NCH , NCR , NCD , NCV 
 .000000000, .000000000, .729866143, .000670330, .000092830, .001209860, .000134158, .266125939, .001900740, .000000000
 1.000000000, .000000000, .730667368, .000767640, .000082989, .001137970, .000092981, .264901611, .001903993, .000445448
 2.000000000, .000000000, .731475687, .000836348, .000077426, .001090122, .000067455, .263656976, .001906590, .000889397
 3.000000000, .000000000, .732286424, .000885674, .000074525, .001058871, .000051716, .262402137, .001908788, .001331864
 4.000000000, .000000000, .733096428, .000921870, .000073254, .001039125, .000042093, .261143617, .001910751, .001772861
 5.000000000, .000000000, .733903574, .000949179, .000072959, .001027396, .000036287, .259885634, .001912579, .002212393
 6.000000000, .000000000, .734706428, .000970485, .000073232, .001021286, .000032855, .258630919, .001914333, .002650462
 7.000000000, .000000000, .735504020, .000987751, .000073823, .001019147, .000030895, .257381242, .001916051, .003087072
 8.000000000, .000000000, .736295696, .001002315, .000074578, .001019842, .000029841, .256137749, .001917756, .003522223
 9.000000000, .000000000, .737081012, .001015092, .000075411, .001022584, .000029342, .254901182, .001919462, .003955915
 10.000000000, .000000000, .737859666, .001026708, .000076270, .001026828, .000029179, .253672023, .001921177, .004388149
 11.000000000, .000000000, .738631455, .001037594, .000077130, .001032196, .000029216, .252450580, .001922905, .004818925
 12.000000000, .000000000, .739396237, .001048045, .000077979, .001038423, .000029371, .251237054, .001924649, .005248242
 13.000000000, .000000000, .740153916, .001058266, .000078814, .001045327, .000029594, .250031572, .001926409, .005676101
 14.000000000, .000000000, .740904426, .001068401, .000079634, .001052779, .000029854, .248834216, .001928187, .006102502
 15.000000000, .000000000, .741647719, .001078548, .000080444, .001060689, .000030135, .247645037, .001929983, .006527444
 16.000000000, .000000000, .742383761, .001088779, .000081248, .001068994, .000030427, .246464067, .001931797, .006950927
 17.000000000, .000000000, .743112526, .001099143, .000082048, .001077652, .000030725, .245291327, .001933628, .007372951
 18.000000000, .000000000, .743833995, .001109677, .000082850, .001086631, .000031025, .244126828, .001935478, .007793515
 19.000000000, .000000000, .744548153, .001120408, .000083656, .001095912, .000031328, .242970579, .001937345, .008212619
 20.000000000, .000000000, .745254984, .001131354, .000084470, .001105481, .000031634, .241822583, .001939231, .008630263
 21.000000000, .000000000, .745954476, .001142532, .000085294, .001115329, .000031942, .240682846, .001941135, .009046445
 22.000000000, .000000000, .746646618, .001153954, .000086130, .001125451, .000032254, .239551368, .001943058, .009461167
 23.000000000, .000000000, .747331397, .001165630, .000086981, .001135844, .000032570, .238428153, .001944999, .009874426
 24.000000000, .000000000, .748008801, .001177568, .000087847, .001146507, .000032891, .237313204, .001946960, .010286221
 25.000000000, .000000000, .748678818, .001189776, .000088731, .001157441, .000033217, .236206523, .001948940, .010696554
 26.000000000, .000000000, .749341435, .001202260, .000089632, .001168648, .000033549, .235108115, .001950940, .011105421
 27.000000000, .000000000, .749996638, .001215027, .000090552, .001180129, .000033887, .234017984, .001952961, .011512822
 28.000000000, .000000000, .750644412, .001228082, .000091492, .001191887, .000034233, .232936134, .001955002, .011918757
 29.000000000, .000000000, .751284743, .001241432, .000092453, .001203927, .000034585, .231862572, .001957065, .012323224
 30.000000000, .000000000, .751917613, .001255082, .000093435, .001216252, .000034945, .230797304, .001959149, .012726221
 31.000000000, .000000000, .752543006, .001269038, .000094438, .001228865, .000035313, .229740338, .001961255, .013127748
 32.000000000, .000000000, .753160902, .001283305, .000095464, .001241772, .000035688, .228691682, .001963384, .013527802
 33.000000000, .000000000, .753771284, .001297889, .000096512, .001254977, .000036072, .227651345, .001965536, .013926383
 34.000000000, .000000000, .754374131, .001312796, .000097584, .001268485, .000036465, .226619338, .001967712, .014323489
 35.000000000, .000000000, .754969421, .001328032, .000098680, .001282301, .000036866, .225595672, .001969912, .014719118
 36.000000000, .000000000, .755557132, .001343602, .000099799, .001296429, .000037276, .224580358, .001972136, .015113268
 37.000000000, .000000000, .756137240, .001359513, .000100944, .001310876, .000037695, .223573409, .001974386, .015505937
 38.000000000, .000000000, .756709722, .001375771, .000102113, .001325646, .000038123, .222574840, .001976662, .015897123
 39.000000000, .000000000, .757274550, .001392382, .000103309, .001340746, .000038561, .221584665, .001978963, .016286824
 40.000000000, .000000000, .757831698, .001409352, .000104530, .001356180, .000039008, .220602900, .001981292, .016675039
 41.000000000, .000000000, .758381138, .001426688, .000105778, .001371956, .000039465, .219629562, .001983649, .017061763
 42.000000000, .000000000, .758922841, .001444398, .000107053, .001388078, .000039933, .218664669, .001986033, .017446996
 43.000000000, .000000000, .759456775, .001462486, .000108356, .001404554, .000040410, .217708239, .001988447, .017830733
 44.000000000, .000000000, .759982910, .001480961, .000109687, .001421389, .000040898, .216760293, .001990889, .018212974
 45.000000000, .000000000, .760501211, .001499829, .000111046, .001438589, .000041396, .215820853, .001993362, .018593714
 46.000000000, .000000000, .761011645, .001519098, .000112435, .001456162, .000041905, .214889939, .001995865, .018972950
 47.000000000, .000000000, .761514175, .001538775, .000113853, .001474114, .000042425, .213967576, .001998400, .019350681
 48.000000000, .000000000, .762008765, .001558868, .000115302, .001492452, .000042956, .213053788, .002000966, .019726902
 49.000000000, .000000000, .762495377, .001579384, .000116781, .001511183, .000043498, .212148602, .002003565, .020101610
 50.000000000, .000000000, .762973969, .001600330, .000118292, .001530314, .000044052, .211252043, .002006198, .020474802
 51.000000000, .000000000, .763444502, .001621716, .000119834, .001549853, .000044618, .210364139, .002008865, .020846473
 52.000000000, .000000000, .763906932, .001643549, .000121409, .001569806, .000045195, .209484922, .002011566, .021216621
 53.000000000, .000000000, .764361215, .001665837, .000123017, .001590182, .000045785, .208614420, .002014303, .021585241
 54.000000000, .000000000, .764807306, .001688588, .000124659, .001610988, .000046388, .207752666, .002017076, .021952330
 55.000000000, .000000000, .765245158, .001711812, .000126335, .001632232, .000047003, .206899692, .002019886, .022317882
 56.000000000, .000000000, .765674722, .001735516, .000128047, .001653922, .000047631, .206055535, .002022734, .022681894
 57.000000000, .000000000, .766095948, .001759710, .000129793, .001676066, .000048272, .205220228, .002025620, .023044362
 58.000000000, .000000000, .766508785, .001784403, .000131576, .001698673, .000048926, .204393811, .002028546, .023405280
 59.000000000, .000000000, .766913179, .001809604, .000133396, .001721751, .000049594, .203576320, .002031512, .023764643
 60.000000000, .000000000, .767309076, .001835323, .000135254, .001745308, .000050276, .202767797, .002034519, .024122448
 61.000000000, .000000000, .767696419, .001861567, .000137150, .001769355, .000050972, .201968282, .002037568, .024478688
 62.000000000, .000000000, .768075150, .001888349, .000139084, .001793898, .000051682, .201177819, .002040660, .024833358
 63.000000000, .000000000, .768445210, .001915676, .000141059, .001818949, .000052407, .200396451, .002043795, .025186453
 64.000000000, .000000000, .768806536, .001943560, .000143074, .001844515, .000053147, .199624226, .002046975, .025537967
 65.000000000, .000000000, .769159067, .001972010, .000145130, .001870607, .000053902, .198861189, .002050200, .025887894
 66.000000000, .000000000, .769502738, .002001036, .000147228, .001897234, .000054673, .198107390, .002053472, .026236229
 67.000000000, .000000000, .769837481, .002030649, .000149369, .001924406, .000055459, .197362880, .002056791, .026582965
 68.000000000, .000000000, .770163230, .002060860, .000151554, .001952133, .000056261, .196627710, .002060158, .026928095
 69.000000000, .000000000, .770479913, .002091679, .000153782, .001980424, .000057080, .195901934, .002063574, .027271613
 70.000000000, .000000000, .770787459, .002123118, .000156056, .002009291, .000057915, .195185608, .002067040, .027613513
 71.000000000, .000000000, .771085795, .002155187, .000158376, .002038743, .000058767, .194478788, .002070558, .027953787
 72.000000000, .000000000, .771374846, .002187897, .000160742, .002068791, .000059637, .193781532, .002074128, .028292428
 73.000000000, .000000000, .771654533, .002221260, .000163156, .002099445, .000060524, .193093902, .002077752, .028629428
 74.000000000, .000000000, .771924778, .002255287, .000165618, .002130718, .000061428, .192415959, .002081430, .028964781
 75.000000000, .000000000, .772185501, .002289991, .000168129, .002162619, .000062351, .191747766, .002085163, .029298478
 76.000000000, .000000000, .772436618, .002325382, .000170691, .002195161, .000063293, .191089390, .002088953, .029630512
 77.000000000, .000000000, .772678045, .002361474, .000173304, .002228354, .000064253, .190440897, .002092801, .029960873
 78.000000000, .000000000, .772909696, .002398277, .000175968, .002262209, .000065233, .189802356, .002096707, .030289554
 79.000000000, .000000000, .773131481, .002435804, .000178685, .002296739, .000066232, .189173839, .002100674, .030616546
 80.000000000, .000000000, .773343311, .002474068, .000181457, .002331956, .000067250, .188555417, .002104702, .030941840
 81.000000000, .000000000, .773545093, .002513080, .000184282, .002367871, .000068289, .187947165, .002108792, .031265427
 82.000000000, .000000000, .773736733, .002552855, .000187164, .002404496, .000069349, .187349160, .002112946, .031587298
 83.000000000, .000000000, .773918135, .002593404, .000190101, .002441844, .000070429, .186761480, .002117165, .031907442
 84.000000000, .000000000, .774089200, .002634740, .000193097, .002479927, .000071531, .186184204, .002121450, .032225851
 85.000000000, .000000000, .774249830, .002676876, .000196151, .002518758, .000072654, .185617415, .002125803, .032542513
 86.000000000, .000000000, .774399921, .002719825, .000199264, .002558349, .000073799, .185061197, .002130224, .032857420
 87.000000000, .000000000, .774539370, .002763601, .000202438, .002598713, .000074967, .184515636, .002134716, .033170559
 88.000000000, .000000000, .774668071, .002808216, .000205673, .002639864, .000076157, .183980819, .002139279, .033481921
 89.000000000, .000000000, .774785916, .002853685, .000208970, .002681813, .000077371, .183456836, .002143915, .033791494
 90.000000000, .000000000, .774892796, .002900020, .000212331, .002724574, .000078608, .182943779, .002148626, .034099266
 91.000000000, .000000000, .774988598, .002947235, .000215757, .002768162, .000079868, .182441741, .002153412, .034405227
 92.000000000, .000000000, .775073209, .002995344, .000219248, .002812587, .000081153, .181950818, .002158276, .034709365
 93.000000000, .000000000, .775146514, .003044359, .000222805, .002857866, .000082463, .181471109, .002163218, .035011667
 94.000000000, .000000000, .775208394, .003094296, .000226430, .002904010, .000083797, .181002712, .002168240, .035312121
 95.000000000, .000000000, .775258731, .003145167, .000230124, .002951033, .000085157, .180545730, .002173344, .035610714
 96.000000000, .000000000, .775297404, .003196986, .000233887, .002998950, .000086543, .180100265, .002178531, .035907434
 97.000000000, .000000000, .775324289, .003249767, .000237721, .003047773, .000087955, .179666425, .002183803, .036202267
 98.000000000, .000000000, .775339262, .003303523, .000241626, .003097518, .000089394, .179244315, .002189162, .036495199
 99.000000000, .000000000, .775342196, .003358269, .000245605, .003148197, .000090859, .178834047, .002194608, .036786218
 100.000000000, .000000000, .775332962, .003414018, .000249657, .003199824, .000092352, .178435732, .002200145, .037075310
 101.000000000, .000000000, .775311430, .003470783, .000253784, .003252413, .000093873, .178049484, .002205772, .037362459
 102.000000000, .000000000, .775277470, .003528579, .000257987, .003305979, .000095422, .177675418, .002211493, .037647651
 103.000000000, .000000000, .775230946, .003587418, .000262267, .003360535, .000097000, .177313653, .002217308, .037930873
 104.000000000, .000000000, .775171725, .003647314, .000266625, .003416095, .000098606, .176964307, .002223220, .038212108
 105.000000000, .000000000, .775099669, .003708280, .000271062, .003472673, .000100242, .176627503, .002229230, .038491341
 106.000000000, .000000000, .775014640, .003770330, .000275579, .003530283, .000101908, .176303363, .002235340, .038768556
 107.000000000, .000000000, .774916499, .003833476, .000280178, .003588939, .000103604, .175992014, .002241552, .039043739
 108.000000000, .000000000, .774805105, .003897731, .000284858, .003648653, .000105331, .175693583, .002247867, .039316872
 109.000000000, .000000000, .774680315, .003963109, .000289622, .003709440, .000107088, .175408199, .002254288, .039587939
 110.000000000, .000000000, .774541986, .004029620, .000294469, .003771314, .000108877, .175135993, .002260816, .039856924
 111.000000000, .000000000, .774389972, .004097279, .000299402, .003834288, .000110698, .174877098, .002267454, .040123810
 112.000000000, .000000000, .774224130, .004166095, .000304421, .003898374, .000112550, .174631648, .002274203, .040388579
 113.000000000, .000000000, .774044310, .004236082, .000309527, .003963586, .000114436, .174399780, .002281064, .040651214
 114.000000000, .000000000, .773850366, .004307251, .000314721, .004029937, .000116354, .174181632, .002288041, .040911698
 115.000000000, .000000000, .773642148, .004379612, .000320004, .004097440, .000118305, .173977344, .002295135, .041170011
 116.000000000, .000000000, .773419508, .004453176, .000325377, .004166107, .000120290, .173787056, .002302349, .041426137
 117.000000000, .000000000, .773182295, .004527954, .000330840, .004235949, .000122309, .173610912, .002309683, .041680057
 118.000000000, .000000000, .772930359, .004603956, .000336395, .004306980, .000124362, .173449056, .002317140, .041931752
 119.000000000, .000000000, .772663549, .004681190, .000342042, .004379211, .000126450, .173301632, .002324722, .042181203
 120.000000000, .000000000, .772381713, .004759667, .000347783, .004452652, .000128572, .173168790, .002332432, .042428392
 121.000000000, .000000000, .772084699, .004839394, .000353617, .004527315, .000130730, .173050675, .002340271, .042673298
 122.000000000, .000000000, .771772357, .004920379, .000359546, .004603211, .000132923, .172947439, .002348242, .042915903
 123.000000000, .000000000, .771444535, .005002630, .000365570, .004680349, .000135153, .172859231, .002356346, .043156186
 124.000000000, .000000000, .771101082, .005086153, .000371690, .004758739, .000137418, .172786204, .002364586, .043394128
 125.000000000, .000000000, .770741847, .005170955, .000377907, .004838390, .000139720, .172728509, .002372964, .043629709
 126.000000000, .000000000, .770366679, .005257041, .000384220, .004919312, .000142058, .172686299, .002381482, .043862908
 127.000000000, .000000000, .769975430, .005344416, .000390632, .005001512, .000144433, .172659730, .002390143, .044093706
 128.000000000, .000000000, .769567951, .005433083, .000397141, .005084997, .000146845, .172648955, .002398948, .044322081
 129.000000000, .000000000, .769144094, .005523046, .000403749, .005169776, .000149294, .172654129, .002407899, .044548013
 130.000000000, .000000000, .768703713, .005614308, .000410456, .005255853, .000151781, .172675409, .002417000, .044771481
 131.000000000, .000000000, .768246664, .005706869, .000417262, .005343236, .000154305, .172712949, .002426251, .044992464
 132.000000000, .000000000, .767772803, .005800730, .000424168, .005431928, .000156867, .172766906, .002435656, .045210942
 133.000000000, .000000000, .767281989, .005895891, .000431173, .005521934, .000159467, .172837436, .002445217, .045426893
 134.000000000, .000000000, .766774084, .005992351, .000438278, .005613257, .000162105, .172924694, .002454936, .045640296
 135.000000000, .000000000, .766248949, .006090107, .000445483, .005705901, .000164780, .173028836, .002464814, .045851130
 136.000000000, .000000000, .765706452, .006189155, .000452787, .005799866, .000167494, .173150016, .002474855, .046059374
 137.000000000, .000000000, .765146461, .006289492, .000460191, .005895153, .000170246, .173288389, .002485061, .046265007
 138.000000000, .000000000, .764568847, .006391110, .000467695, .005991763, .000173035, .173444108, .002495434, .046468008
 139.000000000, .000000000, .763973485, .006494004, .000475297, .006089694, .000175863, .173617326, .002505975, .046668355
 140.000000000, .000000000, .763360253, .006598165, .000482999, .006188944, .000178728, .173808194, .002516688, .046866028
 141.000000000, .000000000, .762729034, .006703583, .000490799, .006289510, .000181631, .174016861, .002527575, .047061006
 142.000000000, .000000000, .762079714, .006810248, .000498697, .006391388, .000184572, .174243477, .002538637, .047253267
 143.000000000, .000000000, .761412183, .006918148, .000506692, .006494571, .000187551, .174488187, .002549877, .047442791
 144.000000000, .000000000, .760726337, .007027268, .000514783, .006599054, .000190566, .174751136, .002561298, .047629558
 145.000000000, .000000000, .760022076, .007137594, .000522971, .006704827, .000193619, .175032466, .002572901, .047813547
 146.000000000, .000000000, .759299305, .007249109, .000531253, .006811883, .000196708, .175332317, .002584688, .047994738
 147.000000000, .000000000, .758557934, .007361795, .000539629, .006920210, .000199834, .175650827, .002596662, .048173110
 148.000000000, .000000000, .757797881, .007475632, .000548097, .007029797, .000202995, .175988129, .002608825, .048348645
 149.000000000, .000000000, .757019067, .007590598, .000556657, .007140629, .000206193, .176344354, .002621178, .048521323
 150.000000000, .000000000, .756221423, .007706672, .000565306, .007252693, .000209425, .176719631, .002633725, .048691125
 151.000000000, .000000000, .755404884, .007823827, .000574044, .007365971, .000212692, .177114083, .002646466, .048858032
 152.000000000, .000000000, .754569392, .007942038, .000582869, .007480447, .000215994, .177527830, .002659405, .049022026
 153.000000000, .000000000, .753714899, .008061276, .000591779, .007596099, .000219329, .177960988, .002672542, .049183089
 154.000000000, .000000000, .752841361, .008181512, .000600771, .007712909, .000222697, .178413668, .002685880, .049341202
 155.000000000, .000000000, .751948745, .008302713, .000609845, .007830852, .000226097, .178885977, .002699420, .049496351
 156.000000000, .000000000, .751037026, .008424846, .000618998, .007949904, .000229529, .179378015, .002713166, .049648517
 157.000000000, .000000000, .750106185, .008547875, .000628228, .008070039, .000232991, .179889880, .002727117, .049797685
 158.000000000, .000000000, .749156216, .008671764, .000637532, .008191229, .000236484, .180421661, .002741276, .049943839
 159.000000000, .000000000, .748187118, .008796472, .000646907, .008313445, .000240005, .180973443, .002755645, .050086965
 160.000000000, .000000000, .747198904, .008921958, .000656351, .008436655, .000243555, .181545303, .002770226, .050227049
 161.000000000, .000000000, .746191593, .009048179, .000665862, .008560825, .000247131, .182137314, .002785019, .050364077
 162.000000000, .000000000, .745165218, .009175090, .000675436, .008685920, .000250734, .182749539, .002800026, .050498037
 163.000000000, .000000000, .744119819, .009302644, .000685069, .008811904, .000254362, .183382036, .002815249, .050628916
 164.000000000, .000000000, .743055449, .009430792, .000694759, .008938737, .000258014, .184034856, .002830690, .050756703
 165.000000000, .000000000, .741972172, .009559483, .000704503, .009066379, .000261688, .184708039, .002846348, .050881389
 166.000000000, .000000000, .740870063, .009688663, .000714296, .009194786, .000265384, .185401619, .002862227, .051002963
 167.000000000, .000000000, .739749208, .009818279, .000724134, .009323913, .000269100, .186115623, .002878325, .051121417
 168.000000000, .000000000, .738609708, .009948273, .000734015, .009453714, .000272834, .186850066, .002894646, .051236743
 169.000000000, .000000000, .737451673, .010078586, .000743934, .009584141, .000276586, .187604955, .002911189, .051348936
 170.000000000, .000000000, .736275227, .010209158, .000753886, .009715142, .000280354, .188380288, .002927956, .051457989
 171.000000000, .000000000, .735080507, .010339927, .000763868, .009846664, .000284135, .189176054, .002944947, .051563897
 172.000000000, .000000000, .733867662, .010470828, .000773875, .009978654, .000287930, .189992230, .002962163, .051666657
 173.000000000, .000000000, .732636856, .010601795, .000783902, .010111055, .000291735, .190828784, .002979605, .051766268
 174.000000000, .000000000, .731388264, .010732761, .000793945, .010243809, .000295550, .191685673, .002997272, .051862727
 175.000000000, .000000000, .730122078, .010863656, .000803998, .010376855, .000299372, .192562842, .003015166, .051956034
 176.000000000, .000000000, .728838500, .010994409, .000814057, .010510130, .000303199, .193460226, .003033286, .052046191
 177.000000000, .000000000, .727537749, .011124949, .000824116, .010643573, .000307031, .194377749, .003051633, .052133201
 178.000000000, .000000000, .726220056, .011255199, .000834171, .010777116, .000310864, .195315321, .003070207, .052217066
 179.000000000, .000000000, .724885669, .011385086, .000844215, .010910692, .000314698, .196272841, .003089007, .052297792
 180.000000000, .000000000, .723534847, .011514533, .000854243, .011044232, .000318529, .197250197, .003108034, .052375386
 181.000000000, .000000000, .722167866, .011643460, .000864250, .011177666, .000322356, .198247262, .003127286, .052449854
 182.000000000, .000000000, .720785015, .011771790, .000874230, .011310921, .000326176, .199263898, .003146764, .052521207
 183.000000000, .000000000, .719386598, .011899442, .000884176, .011443923, .000329988, .200299952, .003166467, .052589454
 184.000000000, .000000000, .717972934, .012026334, .000894084, .011576597, .000333790, .201355260, .003186394, .052654607
 185.000000000, .000000000, .716544354, .012152384, .000903946, .011708867, .000337578, .202429644, .003206545, .052716681
 186.000000000, .000000000, .715101208, .012277511, .000913757, .011840655, .000341352, .203522912, .003226917, .052775689
 187.000000000, .000000000, .713643856, .012401629, .000923511, .011971881, .000345108, .204634857, .003247511, .052831648
 188.000000000, .000000000, .712172675, .012524654, .000933201, .012102466, .000348844, .205765260, .003268324, .052884575
 189.000000000, .000000000, .710688054, .012646504, .000942821, .012232328, .000352558, .206913888, .003289356, .052934491
 190.000000000, .000000000, .709190398, .012767092, .000952365, .012361385, .000356247, .208080492, .003310605, .052981416
 191.000000000, .000000000, .707680126, .012886333, .000961826, .012489554, .000359909, .209264810, .003332069, .053025372
 192.000000000, .000000000, .706157668, .013004144, .000971197, .012616753, .000363542, .210466567, .003353746, .053066384
 193.000000000, .000000000, .704623469, .013120438, .000980473, .012742896, .000367143, .211685471, .003375634, .053104475
 194.000000000, .000000000, .703077989, .013235131, .000989647, .012867899, .000370710, .212921218, .003397731, .053139675
 195.000000000, .000000000, .701521698, .013348140, .000998711, .012991677, .000374240, .214173488, .003420035, .053172010
 196.000000000, .000000000, .699955079, .013459381, .001007661, .013114145, .000377731, .215441948, .003442544, .053201510
 197.000000000, .000000000, .698378629, .013568770, .001016489, .013235218, .000381180, .216726251, .003465254, .053228209
 198.000000000, .000000000, .696792855, .013676227, .001025189, .013354811, .000384585, .218026034, .003488163, .053252137
 199.000000000, .000000000, .695198277, .013781668, .001033754, .013472838, .000387943, .219340921, .003511268, .053273330
 200.000000000, .000000000, .693595424, .013885016, .001042179, .013589215, .000391253, .220670523, .003534566, .053291824
 201.000000000, .000000000, .691984838, .013986191, .001050456, .013703858, .000394510, .222014437, .003558054, .053307655
 202.000000000, .000000000, .690367069, .014085116, .001058580, .013816684, .000397714, .223372245, .003581728, .053320863
 203.000000000, .000000000, .688742678, .014181715, .001066545, .013927610, .000400862, .224743517, .003605586, .053331488
 204.000000000, .000000000, .687112234, .014275915, .001074344, .014036553, .000403951, .226127809, .003629623, .053339572
 205.000000000, .000000000, .685476315, .014367643, .001081972, .014143434, .000406979, .227524665, .003653836, .053345156
 206.000000000, .000000000, .683835508, .014456831, .001089422, .014248172, .000409943, .228933617, .003678221, .053348286
 207.000000000, .000000000, .682190406, .014543409, .001096690, .014350689, .000412843, .230354182, .003702774, .053349007
 208.000000000, .000000000, .680541609, .014627312, .001103770, .014450910, .000415674, .231785869, .003727491, .053347365
 209.000000000, .000000000, .678889724, .014708478, .001110656, .014548758, .000418436, .233228172, .003752368, .053343409
 210.000000000, .000000000, .677235363, .014786846, .001117343, .014644160, .000421125, .234680577, .003777399, .053337187
 211.000000000, .000000000, .675579143, .014862358, .001123826, .014737045, .000423741, .236142555, .003802582, .053328750
 212.000000000, .000000000, .673921685, .014934959, .001130100, .014827344, .000426281, .237613572, .003827910, .053318149
 213.000000000, .000000000, .672263614, .015004597, .001136161, .014914989, .000428743, .239093080, .003853380, .053305436
 214.000000000, .000000000, .670605558, .015071223, .001142004, .014999916, .000431125, .240580523, .003878987, .053290664
 215.000000000, .000000000, .668948145, .015134790, .001147624, .015082063, .000433426, .242075337, .003904726, .053273888
 216.000000000, .000000000, .667292009, .015195257, .001153019, .015161370, .000435644, .243576949, .003930591, .053255162
 217.000000000, .000000000, .665637780, .015252583, .001158184, .015237779, .000437777, .245084778, .003956578, .053234542
 218.000000000, .000000000, .663986090, .015306732, .001163115, .015311236, .000439824, .246598236, .003982681, .053212085
 219.000000000, .000000000, .662337572, .015357672, .001167809, .015381691, .000441783, .248116730, .004008896, .053187847
 220.000000000, .000000000, .660692855, .015405373, .001172264, .015449094, .000443653, .249639657, .004035217, .053161888
 221.000000000, .000000000, .659052567, .015449809, .001176476, .015513401, .000445433, .251166412, .004061638, .053134264
 222.000000000, .000000000, .657417333, .015490959, .001180442, .015574570, .000447121, .252696386, .004088154, .053105035
 223.000000000, .000000000, .655787776, .015528804, .001184162, .015632561, .000448717, .254228962, .004114759, .053074260
 224.000000000, .000000000, .654164511, .015563328, .001187631, .015687339, .000450219, .255763522, .004141449, .053042000
 225.000000000, .000000000, .652548153, .015594521, .001190849, .015738872, .000451628, .257299446, .004168217, .053008314
 226.000000000, .000000000, .650939309, .015622375, .001193815, .015787132, .000452941, .258836110, .004195058, .052973261
 227.000000000, .000000000, .649338578, .015646886, .001196526, .015832094, .000454158, .260372889, .004221965, .052936904
 228.000000000, .000000000, .647746555, .015668053, .001198983, .015873735, .000455279, .261909158, .004248934, .052899302
 229.000000000, .000000000, .646163826, .015685881, .001201184, .015912038, .000456303, .263444292, .004275958, .052860517
 230.000000000, .000000000, .644590971, .015700376, .001203129, .015946989, .000457231, .264977664, .004303033, .052820608
 231.000000000, .000000000, .643028558, .015711549, .001204818, .015978577, .000458061, .266508651, .004330151, .052779637
 232.000000000, .000000000, .641477148, .015719413, .001206251, .016006794, .000458793, .268036630, .004357307, .052737663
 233.000000000, .000000000, .639937291, .015723986, .001207429, .016031638, .000459428, .269560984, .004384496, .052694749
 234.000000000, .000000000, .638409527, .015725290, .001208352, .016053108, .000459966, .271081094, .004411711, .052650952
 235.000000000, .000000000, .636894386, .015723348, .001209022, .016071207, .000460406, .272596349, .004438948, .052606334
 236.000000000, .000000000, .635392385, .015718188, .001209439, .016085944, .000460750, .274106142, .004466199, .052560953
 237.000000000, .000000000, .633904029, .015709841, .001209606, .016097329, .000460997, .275609868, .004493461, .052514869
 238.000000000, .000000000, .632429813, .015698340, .001209523, .016105376, .000461148, .277106933, .004520726, .052468141
 239.000000000, .000000000, .630970217, .015683723, .001209193, .016110102, .000461204, .278596744, .004547990, .052420826
 240.000000000, .000000000, .629525709, .015666029, .001208619, .016111529, .000461165, .280078720, .004575246, .052372982
 241.000000000, .000000000, .628096743, .015645302, .001207803, .016109682, .000461032, .281552284, .004602490, .052324665
 242.000000000, .000000000, .626683758, .015621585, .001206747, .016104587, .000460806, .283016869, .004629715, .052275933
 243.000000000, .000000000, .625287181, .015594928, .001205455, .016096275, .000460488, .284471917, .004656917, .052226840
 244.000000000, .000000000, .623907424, .015565380, .001203929, .016084780, .000460078, .285916877, .004684090, .052177442
 245.000000000, .000000000, .622544882, .015532995, .001202174, .016070139, .000459579, .287351211, .004711228, .052127791
 246.000000000, .000000000, .621199939, .015497827, .001200192, .016052392, .000458991, .288774389, .004738327, .052077943
 247.000000000, .000000000, .619872961, .015459933, .001197988, .016031580, .000458316, .290185892, .004765382, .052027947
 248.000000000, .000000000, .618564300, .015419372, .001195566, .016007749, .000457555, .291585214, .004792388, .051977857
 249.000000000, .000000000, .617274291, .015376205, .001192929, .015980947, .000456709, .292971858, .004819338, .051927722
 250.000000000, .000000000, .616003255, .015330495, .001190082, .015951224, .000455780, .294345342, .004846230, .051877593
 251.000000000, .000000000, .614751496, .015282306, .001187029, .015918631, .000454769, .295705195, .004873058, .051827516
 252.000000000, .000000000, .613519305, .015231702, .001183775, .015883224, .000453679, .297050957, .004899817, .051777540
 253.000000000, .000000000, .612306954, .015178752, .001180326, .015845059, .000452511, .298382184, .004926503, .051727712
 254.000000000, .000000000, .611114701, .015123523, .001176684, .015804195, .000451266, .299698444, .004953111, .051678076
 255.000000000, .000000000, .609942788, .015066084, .001172857, .015760693, .000449946, .300999319, .004979638, .051628677
 256.000000000, .000000000, .608791440, .015006504, .001168848, .015714613, .000448554, .302284405, .005006078, .051579557
 257.000000000, .000000000, .607660868, .014944856, .001164662, .015666022, .000447091, .303553313, .005032428, .051530759
 258.000000000, .000000000, .606551268, .014881209, .001160306, .015614982, .000445559, .304805667, .005058684, .051482324
 259.000000000, .000000000, .605462818, .014815637, .001155784, .015561561, .000443960, .306041105, .005084843, .051434291
 260.000000000, .000000000, .604395683, .014748211, .001151102, .015505827, .000442296, .307259282, .005110899, .051386700
 261.000000000, .000000000, .603350011, .014679003, .001146265, .015447848, .000440569, .308459867, .005136850, .051339586
 262.000000000, .000000000, .602325937, .014608087, .001141279, .015387694, .000438781, .309642542, .005162692, .051292987
 263.000000000, .000000000, .601323578, .014535535, .001136149, .015325436, .000436935, .310807007, .005188422, .051246938
 264.000000000, .000000000, .600343040, .014461420, .001130881, .015261143, .000435032, .311952976, .005214036, .051201472
 265.000000000, .000000000, .599384413, .014385815, .001125479, .015194889, .000433074, .313080176, .005239532, .051156622
 266.000000000, .000000000, .598447771, .014308791, .001119951, .015126745, .000431063, .314188353, .005264907, .051112419
 267.000000000, .000000000, .597533176, .014230420, .001114301, .015056784, .000429002, .315277265, .005290156, .051068895
 268.000000000, .000000000, .596640677, .014150775, .001108535, .014985077, .000426893, .316346685, .005315279, .051026078
 269.000000000, .000000000, .595770308, .014069926, .001102658, .014911699, .000424738, .317396404, .005340272, .050983995
 270.000000000, .000000000, .594922090, .013987942, .001096676, .014836721, .000422538, .318426224, .005365133, .050942675
 271.000000000, .000000000, .594096032, .013904894, .001090595, .014760216, .000420297, .319435965, .005389858, .050902143
 272.000000000, .000000000, .593292129, .013820850, .001084419, .014682257, .000418015, .320425459, .005414447, .050862423
 273.000000000, .000000000, .592510364, .013735879, .001078155, .014602914, .000415696, .321394555, .005438897, .050823539
 274.000000000, .000000000, .591750711, .013650046, .001071807, .014522261, .000413341, .322343115, .005463206, .050785514
 275.000000000, .000000000, .591013127, .013563417, .001065381, .014440367, .000410952, .323271016, .005487372, .050748368
 276.000000000, .000000000, .590297563, .013476059, .001058882, .014357304, .000408532, .324178147, .005511393, .050712121
 277.000000000, .000000000, .589603955, .013388033, .001052315, .014273140, .000406082, .325064413, .005535268, .050676794
 278.000000000, .000000000, .588932231, .013299403, .001045685, .014187946, .000403604, .325929732, .005558994, .050642404
 279.000000000, .000000000, .588282308, .013210230, .001038998, .014101789, .000401100, .326774036, .005582572, .050608968
 280.000000000, .000000000, .587654091, .013120574, .001032257, .014014737, .000398573, .327597268, .005605999, .050576502
 281.000000000, .000000000, .587047479, .013030493, .001025468, .013926855, .000396023, .328399386, .005629274, .050545021
 282.000000000, .000000000, .586462358, .012940046, .001018636, .013838210, .000393454, .329180360, .005652396, .050514540
 283.000000000, .000000000, .585898608, .012849288, .001011766, .013748864, .000390866, .329940172, .005675364, .050485071
 284.000000000, .000000000, .585356099, .012758273, .001004861, .013658883, .000388262, .330678817, .005698178, .050456627
 285.000000000, .000000000, .584834693, .012667055, .000997926, .013568326, .000385644, .331396300, .005720835, .050429220
 286.000000000, .000000000, .584334245, .012575686, .000990966, .013477256, .000383012, .332092640, .005743337, .050402859
 287.000000000, .000000000, .583854599, .012484217, .000983984, .013385731, .000380369, .332767864, .005765682, .050377554
 288.000000000, .000000000, .583395597, .012392695, .000976985, .013293809, .000377716, .333422013, .005787869, .050353314
 289.000000000, .000000000, .582957070, .012301169, .000969974, .013201548, .000375056, .334055137, .005809899, .050330147
 290.000000000, .000000000, .582538844, .012209685, .000962953, .013109003, .000372388, .334667297, .005831771, .050308060
 291.000000000, .000000000, .582140738, .012118286, .000955926, .013016228, .000369716, .335258562, .005853485, .050287059
 292.000000000, .000000000, .581762566, .012027017, .000948898, .012923275, .000367041, .335829013, .005875040, .050267150
 293.000000000, .000000000, .581404135, .011935919, .000941871, .012830196, .000364363, .336378740, .005896437, .050248338
 294.000000000, .000000000, .581065250, .011845031, .000934850, .012737041, .000361685, .336907841, .005917676, .050230627
 295.000000000, .000000000, .580745706, .011754393, .000927837, .012643858, .000359007, .337416423, .005938756, .050214019
 296.000000000, .000000000, .580445297, .011664043, .000920836, .012550694, .000356332, .337904601, .005959678, .050198519
 297.000000000, .000000000, .580163812, .011574014, .000913851, .012457595, .000353660, .338372498, .005980443, .050184128
 298.000000000, .000000000, .579901034, .011484343, .000906883, .012364604, .000350992, .338820247, .006001050, .050170847
 299.000000000, .000000000, .579656744, .011395063, .000899935, .012271764, .000348330, .339247985, .006021500, .050158678
 300.000000000, .000000000, .579430720, .011306204, .000893012, .012179117, .000345675, .339655858, .006041793, .050147620
 301.000000000, .000000000, .579222734, .011217797, .000886115, .012086702, .000343028, .340044018, .006061931, .050137674
 302.000000000, .000000000, .579032557, .011129872, .000879246, .011994558, .000340390, .340412625, .006081913, .050128839
 303.000000000, .000000000, .578859956, .011042455, .000872409, .011902721, .000337763, .340761843, .006101740, .050121112
 304.000000000, .000000000, .578704698, .010955574, .000865606, .011811227, .000335146, .341091843, .006121413, .050114493
 305.000000000, .000000000, .578566544, .010869252, .000858839, .011720109, .000332541, .341402802, .006140933, .050108979
 306.000000000, .000000000, .578445256, .010783515, .000852110, .011629402, .000329949, .341694901, .006160300, .050104568
 307.000000000, .000000000, .578340592, .010698385, .000845421, .011539135, .000327370, .341968326, .006179516, .050101255
 308.000000000, .000000000, .578252310, .010613883, .000838774, .011449339, .000324807, .342223270, .006198580, .050099038
 309.000000000, .000000000, .578180165, .010530029, .000832172, .011360042, .000322258, .342459927, .006217495, .050097911
 310.000000000, .000000000, .578123912, .010446843, .000825615, .011271273, .000319726, .342678498, .006236261, .050097872
 311.000000000, .000000000, .578083304, .010364343, .000819105, .011183057, .000317210, .342879187, .006254879, .050098914
 312.000000000, .000000000, .578058095, .010282546, .000812645, .011095419, .000314712, .343062200, .006273351, .050101032
 313.000000000, .000000000, .578048035, .010201467, .000806235, .011008382, .000312232, .343227750, .006291677, .050104222
 314.000000000, .000000000, .578052878, .010121121, .000799878, .010921969, .000309771, .343376048, .006309858, .050108476
 315.000000000, .000000000, .578072373, .010041524, .000793573, .010836202, .000307329, .343507313, .006327896, .050113790
 316.000000000, .000000000, .578106272, .009962686, .000787324, .010751100, .000304907, .343621764, .006345792, .050120155
 317.000000000, .000000000, .578154326, .009884621, .000781130, .010666682, .000302505, .343719622, .006363547, .050127566
 318.000000000, .000000000, .578216286, .009807340, .000774993, .010582967, .000300124, .343801112, .006381162, .050136016
 319.000000000, .000000000, .578291904, .009730852, .000768914, .010499971, .000297765, .343866459, .006398639, .050145496
 320.000000000, .000000000, .578380932, .009655168, .000762894, .010417709, .000295427, .343915891, .006415979, .050156000
 321.000000000, .000000000, .578483122, .009580296, .000756933, .010336197, .000293111, .343949638, .006433183, .050167519
 322.000000000, .000000000, .578598228, .009506243, .000751033, .010255449, .000290817, .343967931, .006450253, .050180046
 323.000000000, .000000000, .578726002, .009433017, .000745195, .010175477, .000288546, .343971000, .006467190, .050193572
 324.000000000, .000000000, .578866201, .009360624, .000739418, .010096293, .000286299, .343959080, .006483995, .050208089
