"time","L","S","E","I_S","I_A","H","R","D","V","YIS","YIH","Vcon","XMAY"
"t","CL","CS","CE","CIS","CIA","CH","CR","CD","CV"
0.,0.,0.729866143,0.00067033,0.00009283,0.00120986,0.000134158,0.266125939,0.00190074,0.
1.,0.,0.727556891,0.000767593,0.000082989,0.001137967,0.000092981,0.264901611,0.001903993,0.003555975
2.,0.,0.725280401,0.000836176,0.000077424,0.001090103,0.000067454,0.263656974,0.001906589,0.007084879
3.,0.,0.72303168,0.000885315,0.000074518,0.001058813,0.000051715,0.262402129,0.001908788,0.010587043
4.,0.,0.720807318,0.000921271,0.000073239,0.001039001,0.000042091,0.261143592,0.001910751,0.014062737
5.,0.,0.718604968,0.000948293,0.000072933,0.001027172,0.000036282,0.259885577,0.001912578,0.017512197
6.,0.,0.716422993,0.000969265,0.000073191,0.00102093,0.000032847,0.258630808,0.001914331,0.020935635
7.,0.,0.714260236,0.000986151,0.000073763,0.001018622,0.000030882,0.257381049,0.001916048,0.024333248
8.,0.,0.712115859,0.001000291,0.000074498,0.00101911,0.000029823,0.256137438,0.001917752,0.027705229
9.,0.,0.709989245,0.001012599,0.000075305,0.001021606,0.000029317,0.254900711,0.001919457,0.031051761
10.,0.,0.707879918,0.001023699,0.000076136,0.001025564,0.000029145,0.253671341,0.001921169,0.034373027
11.,0.,0.705787506,0.001034022,0.000076964,0.001030604,0.000029173,0.252449631,0.001922894,0.037669205
12.,0.,0.703711701,0.001043864,0.000077778,0.001036462,0.000029317,0.251235772,0.001924634,0.040940473
13.,0.,0.701652241,0.001053428,0.000078573,0.001042952,0.000029527,0.250029885,0.00192639,0.044187004
14.,0.,0.699608896,0.001062856,0.000079351,0.001049946,0.000029774,0.248832043,0.001928163,0.047408972
15.,0.,0.697581457,0.001072247,0.000080115,0.001057352,0.00003004,0.247642288,0.001929952,0.050606549
16.,0.,0.695569731,0.00108167,0.000080868,0.001065107,0.000030315,0.246460646,0.001931758,0.053779904
17.,0.,0.693573534,0.001091176,0.000081615,0.001073167,0.000030595,0.245287128,0.001933581,0.056929205
18.,0.,0.691592691,0.001100798,0.000082359,0.001081501,0.000030876,0.244121737,0.00193542,0.060054618
19.,0.,0.689627031,0.001110562,0.000083104,0.001090087,0.000031159,0.242964472,0.001937277,0.063156308
20.,0.,0.68767639,0.001120488,0.000083852,0.00109891,0.000031442,0.241815331,0.00193915,0.066234437
21.,0.,0.685740603,0.001130589,0.000084606,0.001107961,0.000031727,0.240674307,0.00194104,0.069289166
22.,0.,0.683819512,0.001140877,0.000085369,0.001117233,0.000032013,0.239541393,0.001942947,0.072320655
23.,0.,0.681912957,0.00115136,0.000086142,0.001126723,0.000032302,0.238416584,0.001944872,0.075329061
24.,0.,0.680020782,0.001162044,0.000086926,0.001136428,0.000032595,0.237299873,0.001946813,0.078314539
25.,0.,0.678142834,0.001172937,0.000087722,0.001146348,0.000032891,0.236191253,0.001948773,0.081277243
26.,0.,0.676278957,0.001184044,0.000088532,0.001156483,0.000033191,0.235090717,0.00195075,0.084217325
27.,0.,0.674429,0.001195368,0.000089357,0.001166834,0.000033496,0.233998262,0.001952746,0.087134937
28.,0.,0.672592812,0.001206915,0.000090196,0.001177403,0.000033807,0.232913881,0.00195476,0.090030225
29.,0.,0.670770244,0.001218689,0.000091051,0.001188192,0.000034122,0.231837571,0.001956793,0.092903338
30.,0.,0.668961146,0.001230694,0.000091922,0.001199203,0.000034443,0.230769326,0.001958846,0.095754419
31.,0.,0.66716537,0.001242934,0.00009281,0.001210438,0.000034771,0.229709145,0.001960918,0.098583613
32.,0.,0.66538277,0.001255412,0.000093715,0.001221902,0.000035104,0.228657025,0.00196301,0.101391061
33.,0.,0.6636132,0.001268133,0.000094638,0.001233597,0.000035444,0.227612963,0.001965123,0.104176903
34.,0.,0.661856515,0.001281101,0.000095578,0.001245525,0.00003579,0.226576959,0.001967256,0.106941276
35.,0.,0.660112571,0.001294318,0.000096536,0.001257691,0.000036142,0.225549011,0.001969411,0.109684318
36.,0.,0.658381225,0.001307791,0.000097513,0.001270098,0.000036502,0.224529121,0.001971587,0.112406163
37.,0.,0.656662335,0.001321521,0.000098509,0.001282749,0.000036868,0.223517288,0.001973785,0.115106944
38.,0.,0.654955759,0.001335514,0.000099524,0.001295648,0.000037242,0.222513514,0.001976006,0.117786793
39.,0.,0.653261357,0.001349774,0.000100559,0.001308798,0.000037623,0.221517802,0.00197825,0.120445839
40.,0.,0.65157899,0.001364304,0.000101613,0.001322204,0.000038011,0.220530153,0.001980516,0.123084209
41.,0.,0.649908517,0.001379109,0.000102687,0.00133587,0.000038406,0.219550573,0.001982807,0.125702031
42.,0.,0.648249802,0.001394194,0.000103782,0.001349798,0.000038809,0.218579064,0.001985122,0.128299428
43.,0.,0.646602708,0.001409562,0.000104898,0.001363994,0.00003922,0.217615632,0.001987461,0.130876525
44.,0.,0.644967096,0.001425219,0.000106034,0.001378462,0.000039639,0.216660284,0.001989826,0.133433441
45.,0.,0.643342832,0.001441168,0.000107193,0.001393205,0.000040065,0.215713024,0.001992216,0.135970297
46.,0.,0.64172978,0.001457415,0.000108373,0.001408228,0.0000405,0.214773862,0.001994633,0.13848721
47.,0.,0.640127807,0.001473963,0.000109575,0.001423536,0.000040942,0.213842804,0.001997076,0.140984297
48.,0.,0.638536777,0.001490819,0.000110799,0.001439132,0.000041394,0.212919861,0.001999546,0.143461672
49.,0.,0.636956559,0.001507986,0.000112047,0.001455022,0.000041853,0.21200504,0.002002043,0.145919449
50.,0.,0.63538702,0.00152547,0.000113317,0.00147121,0.000042321,0.211098354,0.002004569,0.148357739
51.,0.,0.633828028,0.001543276,0.000114612,0.0014877,0.000042798,0.210199813,0.002007124,0.15077665
52.,0.,0.632279452,0.001561408,0.00011593,0.001504498,0.000043284,0.209309429,0.002009707,0.153176293
53.,0.,0.630741161,0.001579872,0.000117272,0.001521607,0.000043779,0.208427216,0.002012321,0.155556772
54.,0.,0.629213026,0.001598673,0.000118639,0.001539034,0.000044283,0.207553187,0.002014964,0.157918194
55.,0.,0.627694918,0.001617817,0.000120032,0.001556783,0.000044796,0.206687357,0.002017638,0.16026066
56.,0.,0.626186707,0.001637308,0.000121449,0.001574859,0.000045318,0.205829741,0.002020344,0.162584272
57.,0.,0.624688266,0.001657153,0.000122893,0.001593268,0.000045851,0.204980356,0.002023082,0.164889131
58.,0.,0.623199466,0.001677357,0.000124363,0.001612014,0.000046393,0.20413922,0.002025852,0.167175335
59.,0.,0.621720182,0.001697925,0.00012586,0.001631103,0.000046944,0.20330635,0.002028656,0.169442981
60.,0.,0.620250285,0.001718864,0.000127384,0.00165054,0.000047506,0.202481766,0.002031493,0.171692162
61.,0.,0.618789651,0.001740178,0.000128935,0.001670331,0.000048078,0.201665487,0.002034364,0.173922974
62.,0.,0.617338154,0.001761875,0.000130514,0.001690481,0.000048661,0.200857535,0.002037271,0.176135508
63.,0.,0.615895669,0.001783959,0.000132122,0.001710996,0.000049254,0.200057932,0.002040213,0.178329855
64.,0.,0.614462071,0.001806437,0.000133759,0.001731882,0.000049858,0.1992667,0.002043191,0.180506102
65.,0.,0.613037236,0.001829316,0.000135425,0.001753145,0.000050472,0.198483864,0.002046206,0.182664336
66.,0.,0.61162104,0.0018526,0.000137121,0.00177479,0.000051098,0.197709448,0.002049259,0.184804645
67.,0.,0.610213361,0.001876297,0.000138847,0.001796823,0.000051735,0.196943478,0.00205235,0.18692711
68.,0.,0.608814075,0.001900413,0.000140604,0.00181925,0.000052383,0.19618598,0.00205548,0.189031815
69.,0.,0.60742306,0.001924955,0.000142392,0.001842078,0.000053043,0.195436983,0.002058649,0.19111884
70.,0.,0.606040195,0.001949928,0.000144211,0.001865313,0.000053714,0.194696515,0.002061859,0.193188264
71.,0.,0.604665357,0.001975339,0.000146063,0.001888961,0.000054398,0.193964607,0.00206511,0.195240165
72.,0.,0.603298426,0.002001195,0.000147948,0.001913028,0.000055093,0.193241289,0.002068402,0.197274618
73.,0.,0.601939281,0.002027503,0.000149865,0.001937521,0.000055801,0.192526592,0.002071737,0.199291698
74.,0.,0.600587802,0.00205427,0.000151817,0.001962447,0.000056521,0.19182055,0.002075115,0.201291478
75.,0.,0.599243868,0.002081502,0.000153802,0.001987811,0.000057254,0.191123197,0.002078538,0.203274028
76.,0.,0.59790736,0.002109206,0.000155823,0.002013621,0.000058,0.190434568,0.002082005,0.205239418
77.,0.,0.596578158,0.00213739,0.000157878,0.002039883,0.000058759,0.189754699,0.002085517,0.207187715
78.,0.,0.595256144,0.00216606,0.000159969,0.002066605,0.000059531,0.189083627,0.002089076,0.209118988
79.,0.,0.593941199,0.002195224,0.000162097,0.002093793,0.000060317,0.18842139,0.002092682,0.211033299
80.,0.,0.592633205,0.002224888,0.000164261,0.002121454,0.000061116,0.187768029,0.002096336,0.212930712
81.,0.,0.591332044,0.00225506,0.000166462,0.002149595,0.000061929,0.187123582,0.002100038,0.214811289
82.,0.,0.590037598,0.002285747,0.000168702,0.002178223,0.000062756,0.186488093,0.002103791,0.21667509
83.,0.,0.588749751,0.002316957,0.00017098,0.002207345,0.000063598,0.185861603,0.002107594,0.218522173
84.,0.,0.587468384,0.002348697,0.000173297,0.002236969,0.000064454,0.185244156,0.002111448,0.220352595
85.,0.,0.586193381,0.002380974,0.000175653,0.002267102,0.000065324,0.184635798,0.002115354,0.222166412
86.,0.,0.584924627,0.002413797,0.00017805,0.002297752,0.00006621,0.184036575,0.002119313,0.223963677
87.,0.,0.583662004,0.002447171,0.000180487,0.002328925,0.000067111,0.183446533,0.002123327,0.225744442
88.,0.,0.582405398,0.002481106,0.000182966,0.002360629,0.000068027,0.182865721,0.002127395,0.227508758
89.,0.,0.581154692,0.002515609,0.000185486,0.002392872,0.000068958,0.182294189,0.00213152,0.229256674
90.,0.,0.579909772,0.002550686,0.000188049,0.002425661,0.000069905,0.181731987,0.002135701,0.230988238
91.,0.,0.578670523,0.002586347,0.000190655,0.002459004,0.000070869,0.181179167,0.00213994,0.232703495
92.,0.,0.57743683,0.002622599,0.000193305,0.002492909,0.000071848,0.180635782,0.002144237,0.23440249
93.,0.,0.576208579,0.002659449,0.000195998,0.002527383,0.000072844,0.180101886,0.002148595,0.236085266
94.,0.,0.574985656,0.002696905,0.000198737,0.002562434,0.000073857,0.179577535,0.002153013,0.237751865
95.,0.,0.573767947,0.002734975,0.00020152,0.00259807,0.000074886,0.179062785,0.002157492,0.239402325
96.,0.,0.572555339,0.002773667,0.00020435,0.002634298,0.000075932,0.178557693,0.002162035,0.241036686
97.,0.,0.571347719,0.002812988,0.000207226,0.002671127,0.000076996,0.178062318,0.002166641,0.242654984
98.,0.,0.570144975,0.002852946,0.00021015,0.002708564,0.000078078,0.17757672,0.002171312,0.244257255
99.,0.,0.568946993,0.002893549,0.000213121,0.002746618,0.000079177,0.177100961,0.002176049,0.245843532
100.,0.,0.567753663,0.002934805,0.000216141,0.002785295,0.000080294,0.176635102,0.002180853,0.247413848
101.,0.,0.566564871,0.002976721,0.000219209,0.002824604,0.000081429,0.176179206,0.002185725,0.248968234
102.,0.,0.565380508,0.003019305,0.000222327,0.002864553,0.000082583,0.175733339,0.002190666,0.250506719
103.,0.,0.564200461,0.003062564,0.000225495,0.00290515,0.000083756,0.175297565,0.002195678,0.252029331
104.,0.,0.563024621,0.003106507,0.000228714,0.002946402,0.000084947,0.174871951,0.002200761,0.253536097
105.,0.,0.561852877,0.00315114,0.000231984,0.002988318,0.000086158,0.174456566,0.002205916,0.255027041
106.,0.,0.560685118,0.003196471,0.000235305,0.003030905,0.000087388,0.174051478,0.002211145,0.256502188
107.,0.,0.559521237,0.003242508,0.00023868,0.003074171,0.000088637,0.173656757,0.002216449,0.25796156
108.,0.,0.558361123,0.003289258,0.000242107,0.003118124,0.000089907,0.173272474,0.002221829,0.259405177
109.,0.,0.557204668,0.003336728,0.000245588,0.003162772,0.000091196,0.172898702,0.002227287,0.26083306
110.,0.,0.556051764,0.003384925,0.000249123,0.003208121,0.000092505,0.172535513,0.002232822,0.262245226
111.,0.,0.554902304,0.003433856,0.000252713,0.003254181,0.000093836,0.172182982,0.002238438,0.263641692
112.,0.,0.553756179,0.003483528,0.000256358,0.003300958,0.000095186,0.171841183,0.002244134,0.265022474
113.,0.,0.552613283,0.003533948,0.000260059,0.003348459,0.000096558,0.171510194,0.002249913,0.266387585
114.,0.,0.551473511,0.003585123,0.000263817,0.003396693,0.000097951,0.171190092,0.002255774,0.26773704
115.,0.,0.550336756,0.003637059,0.000267631,0.003445666,0.000099365,0.170880954,0.002261721,0.269070849
116.,0.,0.549202913,0.003689762,0.000271502,0.003495386,0.0001008,0.170582859,0.002267754,0.270389023
117.,0.,0.548071879,0.003743238,0.000275432,0.00354586,0.000102257,0.170295888,0.002273873,0.271691572
118.,0.,0.546943549,0.003797495,0.00027942,0.003597094,0.000103737,0.170020121,0.002280082,0.272978503
119.,0.,0.545817819,0.003852536,0.000283467,0.003649096,0.000105238,0.169755641,0.00228638,0.274249823
120.,0.,0.544694588,0.003908369,0.000287573,0.003701872,0.000106761,0.169502529,0.00229277,0.275505538
121.,0.,0.543573754,0.003964997,0.00029174,0.003755428,0.000108307,0.169260869,0.002299252,0.276745653
122.,0.,0.542455215,0.004022428,0.000295966,0.003809771,0.000109876,0.169030745,0.002305828,0.277970171
123.,0.,0.541338871,0.004080665,0.000300253,0.003864908,0.000111468,0.168812241,0.002312499,0.279179096
124.,0.,0.540224624,0.004139712,0.000304602,0.003920843,0.000113082,0.168605443,0.002319267,0.280372427
125.,0.,0.539112373,0.004199575,0.000309012,0.003977583,0.00011472,0.168410437,0.002326132,0.281550167
126.,0.,0.538002022,0.004260258,0.000313483,0.004035134,0.000116381,0.16822731,0.002333098,0.282712314
127.,0.,0.536893474,0.004321763,0.000318018,0.0040935,0.000118066,0.168056148,0.002340164,0.283858868
128.,0.,0.535786632,0.004384096,0.000322614,0.004152687,0.000119774,0.16789704,0.002347332,0.284989825
129.,0.,0.534681402,0.004447258,0.000327274,0.0042127,0.000121506,0.167750072,0.002354604,0.286105185
130.,0.,0.53357769,0.004511253,0.000331997,0.004273542,0.000123261,0.167615335,0.00236198,0.287204942
131.,0.,0.532475404,0.004576082,0.000336783,0.004335219,0.000125041,0.167492915,0.002369464,0.288289092
132.,0.,0.531374451,0.004641749,0.000341633,0.004397733,0.000126845,0.167382904,0.002377055,0.289357631
133.,0.,0.530274741,0.004708253,0.000346547,0.00446109,0.000128673,0.167285388,0.002384755,0.290410552
134.,0.,0.529176186,0.004775598,0.000351525,0.004525291,0.000130525,0.167200459,0.002392567,0.291447849
135.,0.,0.528078696,0.004843783,0.000356567,0.004590341,0.000132402,0.167128205,0.00240049,0.292469515
136.,0.,0.526982186,0.004912809,0.000361674,0.004656241,0.000134303,0.167068716,0.002408527,0.293475543
137.,0.,0.525886571,0.004982676,0.000366845,0.004722994,0.000136229,0.167022081,0.002416679,0.294465926
138.,0.,0.524791766,0.005053382,0.000372081,0.004790601,0.000138179,0.16698839,0.002424948,0.295440654
139.,0.,0.523697689,0.005124927,0.000377381,0.004859064,0.000140154,0.166967731,0.002433335,0.29639972
140.,0.,0.52260426,0.005197309,0.000382746,0.004928383,0.000142153,0.166960193,0.002441841,0.297343114
141.,0.,0.5215114,0.005270526,0.000388176,0.00499856,0.000144177,0.166965865,0.002450468,0.298270829
142.,0.,0.520419031,0.005344575,0.000393669,0.005069594,0.000146226,0.166984834,0.002459217,0.299182854
143.,0.,0.519327077,0.005419453,0.000399227,0.005141484,0.000148299,0.167017188,0.00246809,0.300079182
144.,0.,0.518235465,0.005495155,0.00040485,0.00521423,0.000150397,0.167063013,0.002477089,0.300959802
145.,0.,0.517144123,0.005571677,0.000410536,0.00528783,0.000152519,0.167122396,0.002486214,0.301824706
146.,0.,0.51605298,0.005649014,0.000416285,0.005362282,0.000154666,0.167195421,0.002495467,0.302673884
147.,0.,0.514961969,0.005727159,0.000422099,0.005437584,0.000156837,0.167282174,0.00250485,0.303507329
148.,0.,0.513871023,0.005806107,0.000427975,0.005513731,0.000159032,0.167382736,0.002514364,0.304325032
149.,0.,0.512780079,0.00588585,0.000433913,0.005590721,0.000161251,0.16749719,0.002524011,0.305126986
150.,0.,0.511689075,0.00596638,0.000439914,0.005668548,0.000163494,0.167625616,0.002533791,0.305913181
151.,0.,0.510597951,0.006047688,0.000445977,0.005747208,0.000165761,0.167768095,0.002543707,0.306683613
152.,0.,0.509506651,0.006129765,0.0004521,0.005826696,0.000168052,0.167924704,0.002553759,0.307438274
153.,0.,0.50841512,0.006212601,0.000458284,0.005907003,0.000170366,0.168095518,0.002563949,0.308177158
154.,0.,0.507323306,0.006296184,0.000464528,0.005988124,0.000172704,0.168280614,0.002574278,0.308900262
155.,0.,0.506231159,0.006380503,0.000470831,0.006070051,0.000175064,0.168480064,0.002584748,0.309607581
156.,0.,0.505138632,0.006465544,0.000477192,0.006152774,0.000177448,0.168693937,0.002595361,0.310299111
157.,0.,0.504045682,0.006551296,0.000483611,0.006236286,0.000179853,0.168922304,0.002606116,0.310974852
158.,0.,0.502952266,0.006637743,0.000490086,0.006320574,0.000182281,0.169165231,0.002617017,0.311634802
159.,0.,0.501858347,0.00672487,0.000496617,0.00640563,0.000184731,0.16942278,0.002628063,0.312278962
160.,0.,0.500763888,0.006812662,0.000503202,0.00649144,0.000187202,0.169695016,0.002639256,0.312907334
161.,0.,0.499668857,0.0069011,0.000509841,0.006577994,0.000189694,0.169981995,0.002650598,0.31351992
162.,0.,0.498573225,0.006990168,0.000516532,0.006665276,0.000192207,0.170283774,0.002662089,0.314116727
163.,0.,0.497476965,0.007079847,0.000523275,0.006753274,0.000194741,0.170600407,0.002673732,0.314697759
164.,0.,0.496380055,0.007170117,0.000530067,0.006841971,0.000197294,0.170931944,0.002685526,0.315263026
165.,0.,0.495282473,0.007260958,0.000536908,0.006931353,0.000199867,0.171278431,0.002697473,0.315812538
166.,0.,0.494184205,0.007352347,0.000543795,0.007021402,0.000202458,0.171639913,0.002709574,0.316346305
167.,0.,0.493085237,0.007444263,0.000550728,0.007112101,0.000205068,0.172016429,0.002721831,0.316864343
168.,0.,0.49198556,0.007536682,0.000557705,0.007203431,0.000207696,0.172408015,0.002734244,0.317366667
169.,0.,0.490885167,0.00762958,0.000564725,0.007295373,0.000210341,0.172814705,0.002746814,0.317853295
170.,0.,0.489784058,0.007722931,0.000571785,0.007387905,0.000213003,0.173236527,0.002759542,0.318324249
171.,0.,0.488682233,0.007816709,0.000578884,0.007481008,0.00021568,0.173673505,0.00277243,0.31877955
172.,0.,0.487579698,0.007910888,0.000586019,0.007574658,0.000218374,0.17412566,0.002785477,0.319219226
173.,0.,0.486476462,0.008005438,0.00059319,0.007668832,0.000221081,0.174593008,0.002798686,0.319643304
174.,0.,0.485372538,0.00810033,0.000600394,0.007763506,0.000223803,0.175075558,0.002812055,0.320051815
175.,0.,0.484267944,0.008195535,0.000607628,0.007858655,0.000226538,0.175573319,0.002825588,0.320444792
176.,0.,0.483162701,0.008291022,0.000614892,0.007954252,0.000229286,0.176086291,0.002839283,0.320822274
177.,0.,0.482056834,0.008386757,0.000622182,0.00805027,0.000232045,0.176614472,0.002853142,0.321184299
178.,0.,0.480950372,0.00848271,0.000629496,0.008146682,0.000234815,0.177157851,0.002867165,0.32153091
179.,0.,0.479843349,0.008578845,0.000636832,0.008243458,0.000237595,0.177716416,0.002881353,0.321862153
180.,0.,0.478735804,0.008675127,0.000644187,0.008340568,0.000240384,0.178290146,0.002895706,0.322178078
181.,0.,0.477627777,0.008771522,0.00065156,0.008437981,0.000243181,0.178879016,0.002910226,0.322478738
182.,0.,0.476519316,0.008867993,0.000658946,0.008535666,0.000245985,0.179482995,0.002924911,0.322764189
183.,0.,0.475410471,0.008964501,0.000666345,0.008633588,0.000248796,0.180102046,0.002939763,0.32303449
184.,0.,0.474301297,0.00906101,0.000673752,0.008731716,0.000251612,0.180736125,0.002954781,0.323289706
185.,0.,0.473191854,0.00915748,0.000681165,0.008830013,0.000254433,0.181385184,0.002969967,0.323529904
186.,0.,0.472082206,0.009253871,0.000688582,0.008928444,0.000257256,0.182049167,0.002985319,0.323755155
187.,0.,0.47097242,0.009350143,0.000695999,0.009026973,0.000260082,0.18272801,0.003000839,0.323965533
188.,0.,0.469862571,0.009446254,0.000703413,0.009125563,0.000262909,0.183421646,0.003016526,0.324161118
189.,0.,0.468752734,0.009542162,0.000710822,0.009224174,0.000265736,0.184129998,0.00303238,0.324341993
190.,0.,0.467642992,0.009637825,0.000718222,0.009322769,0.000268562,0.184852984,0.0030484,0.324508245
191.,0.,0.46653343,0.0097332,0.00072561,0.009421307,0.000271386,0.185590514,0.003064588,0.324659966
192.,0.,0.46542414,0.009828241,0.000732983,0.009519747,0.000274206,0.186342491,0.003080942,0.324797249
193.,0.,0.464315215,0.009922906,0.000740338,0.009618049,0.000277021,0.187108812,0.003097463,0.324920196
194.,0.,0.463206756,0.010017148,0.000747671,0.00971617,0.000279831,0.187889366,0.003114149,0.325028911
195.,0.,0.462098865,0.010110923,0.000754978,0.009814067,0.000282633,0.188684033,0.003131,0.325123501
196.,0.,0.46099165,0.010204185,0.000762258,0.009911697,0.000285427,0.189492687,0.003148016,0.32520408
197.,0.,0.459885225,0.010296887,0.000769505,0.010009017,0.000288211,0.190315195,0.003165196,0.325270764
198.,0.,0.458779705,0.010388982,0.000776717,0.010105981,0.000290984,0.191151416,0.00318254,0.325323676
199.,0.,0.45767521,0.010480424,0.00078389,0.010202544,0.000293745,0.192001201,0.003200046,0.325362941
200.,0.,0.456571866,0.010571167,0.000791021,0.01029866,0.000296492,0.192864392,0.003217713,0.325388689
201.,0.,0.455469801,0.010661161,0.000798106,0.010394284,0.000299224,0.193740825,0.003235542,0.325401057
202.,0.,0.454369147,0.010750361,0.000805141,0.010489369,0.00030194,0.194630328,0.00325353,0.325400183
203.,0.,0.453270042,0.010838718,0.000812123,0.010583869,0.000304638,0.195532721,0.003271677,0.325386212
204.,0.,0.452172626,0.010926185,0.000819048,0.010677735,0.000307317,0.196447816,0.003289981,0.325359292
205.,0.,0.451077043,0.011012715,0.000825913,0.010770921,0.000309976,0.197375416,0.003308441,0.325319575
206.,0.,0.449983441,0.011098261,0.000832714,0.01086338,0.000312613,0.198315318,0.003327056,0.325267219
207.,0.,0.44889197,0.011182775,0.000839447,0.010955062,0.000315226,0.19926731,0.003345824,0.325202386
208.,0.,0.447802786,0.01126621,0.000846109,0.011045921,0.000317816,0.200231172,0.003364744,0.325125242
209.,0.,0.446716047,0.01134852,0.000852695,0.011135909,0.000320379,0.201206678,0.003383814,0.325035958
210.,0.,0.445631914,0.011429659,0.000859204,0.011224977,0.000322915,0.202193592,0.003403032,0.324934707
211.,0.,0.44455055,0.01150958,0.00086563,0.011313079,0.000325422,0.203191672,0.003422397,0.32482167
212.,0.,0.443472124,0.011588239,0.00087197,0.011400166,0.000327899,0.204200667,0.003441907,0.324697028
213.,0.,0.442396804,0.011665591,0.000878221,0.011486191,0.000330344,0.205220318,0.00346156,0.324560969
214.,0.,0.441324764,0.011741592,0.00088438,0.011571106,0.000332757,0.206250361,0.003481354,0.324413685
215.,0.,0.440256178,0.011816198,0.000890442,0.011654866,0.000335136,0.207290523,0.003501287,0.32425537
216.,0.,0.439191224,0.011889366,0.000896404,0.011737424,0.000337479,0.208340524,0.003521356,0.324086223
217.,0.,0.438130081,0.011961055,0.000902264,0.011818733,0.000339786,0.209400076,0.00354156,0.323906447
218.,0.,0.43707293,0.012031224,0.000908017,0.011898748,0.000342054,0.210468884,0.003561896,0.323716248
219.,0.,0.436019954,0.012099832,0.00091366,0.011977424,0.000344283,0.211546649,0.003582362,0.323515835
220.,0.,0.434971774,0.012166841,0.000919191,0.012054718,0.000346471,0.212633062,0.003602955,0.323304988
221.,0.,0.433930291,0.012232213,0.000924605,0.012130585,0.000348617,0.213727809,0.003623672,0.323082207
222.,0.,0.432893503,0.012295911,0.000929901,0.012204983,0.000350721,0.214830569,0.003644512,0.3228499
223.,0.,0.431861601,0.0123579,0.000935074,0.012277871,0.000352779,0.215941016,0.003665471,0.322608288
224.,0.,0.430841146,0.012418145,0.000940123,0.012349206,0.000354793,0.217058815,0.003686546,0.322351225
225.,0.,0.42985746,0.012476621,0.000945044,0.01241895,0.00035676,0.21818363,0.003707736,0.3220538
226.,0.,0.428878669,0.012533298,0.000949834,0.012487066,0.000358679,0.219315116,0.003729036,0.321748302
227.,0.,0.427904972,0.012588145,0.000954492,0.012553516,0.000360549,0.220452923,0.003750445,0.321434958
228.,0.,0.42694333,0.012641131,0.000959014,0.012618265,0.00036237,0.221596699,0.003771958,0.321107233
229.,0.,0.426020617,0.012692237,0.000963398,0.012681278,0.00036414,0.222746085,0.003793574,0.320738672
230.,0.,0.425102999,0.012741439,0.000967643,0.012742523,0.000365858,0.223900718,0.003815288,0.320363532
231.,0.,0.424190678,0.01278871,0.000971746,0.012801968,0.000367524,0.225060232,0.003837098,0.319982044
232.,0.,0.423291084,0.012834026,0.000975705,0.012859583,0.000369137,0.226224255,0.003859001,0.319587209
233.,0.,0.422432921,0.012877375,0.000979518,0.012915339,0.000370695,0.227392416,0.003880993,0.319150744
234.,0.,0.421580034,0.012918738,0.000983184,0.012969209,0.000372199,0.228564335,0.00390307,0.318709231
235.,0.,0.42073263,0.012958096,0.0009867,0.013021167,0.000373647,0.229739634,0.003925231,0.318262895
236.,0.,0.419898551,0.01299543,0.000990066,0.013071189,0.000375038,0.230917929,0.003947471,0.317804326
237.,0.,0.419108131,0.013030735,0.000993279,0.013119251,0.000376373,0.232098837,0.003969787,0.317303606
238.,0.,0.41832315,0.013064,0.000996339,0.013165334,0.00037765,0.233281971,0.003992175,0.31679938
239.,0.,0.417543812,0.013095212,0.000999245,0.013209418,0.00037887,0.234466941,0.004014633,0.31629187
240.,0.,0.41677838,0.013124358,0.001001994,0.013251484,0.00038003,0.23565336,0.004037156,0.315773237
241.,0.,0.41605885,0.013151441,0.001004588,0.013291517,0.000381132,0.236840836,0.004059741,0.315211895
242.,0.,0.41534489,0.013176457,0.001007024,0.013329502,0.000382175,0.238028978,0.004082385,0.314648589
243.,0.,0.414636704,0.013199399,0.001009302,0.013365427,0.000383158,0.239217395,0.004105083,0.314083531
244.,0.,0.413942974,0.013220263,0.001011423,0.01339928,0.000384081,0.240405695,0.004127833,0.313508452
245.,0.,0.413297365,0.013239058,0.001013384,0.013431051,0.000384944,0.241593486,0.004150631,0.31289008
246.,0.,0.412657424,0.013255786,0.001015187,0.013460735,0.000385747,0.242780379,0.004173474,0.312271269
247.,0.,0.412023347,0.013270449,0.00101683,0.013488325,0.000386489,0.243965984,0.004196357,0.311652219
248.,0.,0.411404167,0.013283048,0.001018315,0.013513817,0.000387171,0.245149912,0.004219277,0.311024295
249.,0.,0.410834956,0.013293599,0.001019641,0.013537207,0.000387792,0.246331777,0.00424223,0.310352798
250.,0.,0.41027147,0.013302112,0.001020808,0.013558497,0.000388353,0.247511194,0.004265214,0.309682351
251.,0.,0.409713901,0.013308595,0.001021818,0.013577688,0.000388853,0.248687781,0.004288224,0.309013141
252.,0.,0.409171655,0.013313054,0.00102267,0.013594781,0.000389293,0.249861158,0.004311257,0.308336132
253.,0.,0.408681311,0.013315514,0.001023366,0.013609782,0.000389673,0.251030947,0.00433431,0.307615098
254.,0.,0.408196706,0.013315991,0.001023905,0.013622697,0.000389993,0.252196776,0.004357378,0.306896555
255.,0.,0.407718023,0.013314498,0.00102429,0.013633535,0.000390253,0.253358273,0.004380458,0.306180671
256.,0.,0.407254977,0.013311047,0.001024521,0.013642304,0.000390454,0.254515073,0.004403547,0.305458077
257.,0.,0.406845402,0.01330567,0.001024599,0.013649015,0.000390596,0.255666812,0.004426642,0.304691264
258.,0.,0.406441536,0.013298389,0.001024526,0.013653683,0.000390679,0.256813133,0.004449738,0.303928315
259.,0.,0.406043552,0.013289221,0.001024303,0.013656322,0.000390704,0.257953683,0.004472833,0.303169382
260.,0.,0.40566149,0.013278185,0.001023932,0.013656946,0.000390672,0.259088112,0.004495923,0.30240474
261.,0.,0.405334506,0.013265318,0.001023413,0.013655574,0.000390583,0.260216077,0.004519004,0.301595525
262.,0.,0.405013153,0.013250646,0.00102275,0.013652225,0.000390437,0.26133724,0.004542074,0.300791476
263.,0.,0.404697592,0.013234191,0.001021943,0.013646919,0.000390235,0.262451269,0.00456513,0.29999272
264.,0.,0.404398145,0.013215978,0.001020996,0.013639678,0.000389978,0.263557837,0.004588167,0.299189221
265.,0.,0.404155125,0.013196048,0.001019908,0.013630524,0.000389667,0.264656624,0.004611183,0.298340921
266.,0.,0.403917611,0.01317443,0.001018684,0.013619483,0.000389301,0.265747316,0.004634174,0.297499001
267.,0.,0.403685751,0.013151153,0.001017325,0.013606579,0.000388883,0.266829604,0.004657138,0.296663566
268.,0.,0.403470104,0.013126243,0.001015833,0.013591841,0.000388413,0.267903189,0.004680072,0.295824306
269.,0.,0.40331197,0.013099744,0.00101421,0.013575294,0.000387891,0.268967775,0.004702972,0.294940144
270.,0.,0.40315917,0.013071693,0.00101246,0.013556969,0.000387319,0.270023077,0.004725836,0.294063478
271.,0.,0.403011841,0.013042116,0.001010584,0.013536896,0.000386697,0.271068813,0.00474866,0.293194392
272.,0.,0.402880733,0.013011047,0.001008586,0.013515105,0.000386027,0.272104712,0.004771442,0.292322347
273.,0.,0.402807958,0.012978531,0.001006467,0.013491629,0.000385309,0.27313051,0.004794179,0.291405417
274.,0.,0.402740305,0.012944606,0.001004231,0.013466501,0.000384544,0.274145947,0.004816869,0.290496998
275.,0.,0.402677897,0.012909303,0.00100188,0.013439754,0.000383733,0.275150776,0.004839508,0.289597149
276.,0.,0.402631675,0.012872655,0.000999416,0.013411424,0.000382878,0.276144754,0.004862094,0.288695104
277.,0.,0.402644562,0.012834712,0.000996844,0.013381543,0.000381979,0.277127647,0.004884625,0.287748088
278.,0.,0.402662316,0.012795512,0.000994165,0.01335015,0.000381037,0.27809923,0.004907098,0.286810491
279.,0.,0.402685048,0.012755088,0.000991382,0.013317281,0.000380054,0.279059286,0.004929511,0.28588235
280.,0.,0.402723812,0.012713474,0.000988499,0.013282972,0.000379031,0.280007604,0.004951861,0.284952747
281.,0.,0.402822039,0.01267072,0.000985518,0.013247261,0.000377968,0.280943984,0.004974146,0.283978364
282.,0.,0.402924845,0.012626866,0.000982442,0.013210186,0.000376867,0.281868233,0.004996364,0.283014197
283.,0.,0.403032324,0.012581945,0.000979275,0.013171786,0.000375728,0.282780166,0.005018513,0.282060262
284.,0.,0.403155672,0.012535992,0.000976019,0.013132099,0.000374554,0.283679607,0.005040591,0.281105466
285.,0.,0.403338922,0.012489057,0.000972678,0.013091163,0.000373345,0.284566387,0.005062595,0.280105852
286.,0.,0.403526426,0.01244118,0.000969253,0.01304902,0.000372102,0.285440348,0.005084525,0.279117147
287.,0.,0.403718267,0.012392394,0.00096575,0.013005708,0.000370826,0.286301337,0.005106377,0.278139341
288.,0.,0.40392563,0.012342734,0.000962169,0.012961267,0.000369519,0.287149212,0.00512815,0.277161319
289.,0.,0.404192572,0.012292248,0.000958515,0.012915735,0.000368182,0.287983839,0.005149842,0.276139067
290.,0.,0.40446342,0.012240976,0.00095479,0.012869154,0.000366816,0.28880509,0.005171453,0.275128302
291.,0.,0.404738246,0.012188951,0.000950998,0.012821563,0.000365422,0.289612847,0.005192979,0.274128994
292.,0.,0.40502828,0.012136206,0.000947141,0.012773001,0.000364001,0.290407001,0.00521442,0.27312995
293.,0.,0.405377814,0.012082789,0.000943222,0.012723508,0.000362554,0.291187449,0.005235774,0.27208689
294.,0.,0.405730882,0.012028739,0.000939245,0.012673124,0.000361082,0.291954098,0.00525704,0.271055791
295.,0.,0.406087544,0.011974085,0.000935212,0.012621888,0.000359588,0.29270686,0.005278217,0.270036606
296.,0.,0.406458947,0.011918861,0.000931126,0.012569839,0.000358071,0.293445659,0.005299302,0.269018194
297.,0.,0.406889103,0.011863113,0.00092699,0.012517015,0.000356533,0.294170424,0.005320296,0.267956527
298.,0.,0.407322406,0.011806877,0.000922807,0.012463456,0.000354974,0.294881091,0.005341196,0.266907192
299.,0.,0.407758905,0.011750182,0.00091858,0.012409201,0.000353397,0.295577607,0.005362002,0.265870126
300.,0.,0.408209674,0.011693059,0.000914312,0.012354285,0.000351802,0.296259922,0.005382713,0.264834232
301.,0.,0.408718478,0.011635551,0.000910004,0.012298748,0.00035019,0.296927998,0.005403328,0.263755704
302.,0.,0.409230029,0.011577693,0.000905661,0.012242626,0.000348562,0.297581801,0.005423845,0.262689783
303.,0.,0.409744367,0.011519512,0.000901284,0.012185956,0.00034692,0.298221304,0.005444265,0.261636391
304.,0.,0.410272366,0.011461036,0.000896877,0.012128774,0.000345264,0.298846491,0.005464587,0.260584606
305.,0.,0.410857049,0.011402306,0.000892441,0.012071116,0.000343595,0.299457347,0.005484808,0.259491337
306.,0.,0.411444077,0.011343355,0.00088798,0.012013017,0.000341915,0.300053868,0.005504931,0.258410858
307.,0.,0.412033477,0.011284206,0.000883496,0.011954512,0.000340224,0.300636056,0.005524952,0.257343077
308.,0.,0.41263594,0.011224887,0.000878991,0.011895635,0.000338523,0.301203918,0.005544873,0.256277233
309.,0.,0.413293805,0.011165434,0.000874468,0.011836419,0.000336814,0.301757468,0.005564692,0.255170901
310.,0.,0.413953606,0.011105878,0.000869929,0.011776897,0.000335097,0.302296726,0.005584409,0.254077458
311.,0.,0.414615363,0.01104624,0.000865377,0.011717103,0.000333373,0.30282172,0.005604024,0.252996801
312.,0.,0.41528946,0.010986545,0.000860813,0.011657067,0.000331643,0.30333248,0.005623536,0.251918457
313.,0.,0.416017063,0.010926826,0.00085624,0.01159682,0.000329907,0.303829046,0.005642945,0.250801152
314.,0.,0.416746197,0.010867111,0.000851661,0.011536393,0.000328168,0.30431146,0.005662252,0.249696758
315.,0.,0.417476874,0.01080742,0.000847076,0.011475817,0.000326425,0.304779771,0.005681455,0.248605162
316.,0.,0.418219107,0.010747773,0.000842489,0.011415119,0.000324679,0.305234034,0.005700555,0.247516243
317.,0.,0.419012626,0.010688202,0.000837901,0.011354328,0.000322932,0.305674308,0.005719551,0.24639015
318.,0.,0.419807279,0.010628731,0.000833314,0.011293473,0.000321184,0.306100657,0.005738444,0.245276917
319.,0.,0.420603067,0.010569378,0.000828731,0.011232581,0.000319435,0.30651315,0.005757234,0.244176424
320.,0.,0.42140961,0.010510159,0.000824152,0.011171677,0.000317687,0.30691186,0.00577592,0.243078934
321.,0.,0.422265098,0.010451105,0.00081958,0.011110787,0.00031594,0.307296867,0.005794504,0.241946119
322.,0.,0.423121328,0.010392236,0.000815016,0.011049937,0.000314195,0.307668252,0.005812984,0.240826052
323.,0.,0.423978297,0.010333567,0.000810463,0.010989151,0.000312453,0.308026102,0.005831361,0.239718606
324.,0.,0.424845096,0.010275113,0.000805921,0.010928452,0.000310714,0.308370507,0.005849636,0.23861456
325.,0.,0.425757851,0.010216901,0.000801393,0.010867863,0.000308979,0.308701563,0.005867808,0.237477641
326.,0.,0.426670972,0.010158948,0.00079688,0.010807407,0.000307248,0.309019367,0.005885879,0.236353299
327.,0.,0.427584448,0.010101268,0.000792383,0.010747106,0.000305522,0.309324021,0.005903847,0.235241405
328.,0.,0.428506775,0.010043872,0.000787903,0.01068698,0.000303802,0.309615631,0.005921714,0.234133322
329.,0.,0.429471741,0.009986785,0.000783443,0.010627049,0.000302089,0.309894304,0.005939481,0.232995109
330.,0.,0.430436709,0.00993002,0.000779003,0.010567333,0.000300382,0.310160153,0.005957146,0.231869253
331.,0.,0.431401666,0.00987359,0.000774585,0.010507851,0.000298682,0.310413292,0.005974712,0.230755622
332.,0.,0.432374455,0.009817504,0.000770191,0.010448621,0.00029699,0.310653838,0.005992178,0.229646222
333.,0.,0.433386303,0.009761783,0.00076582,0.01038966,0.000295307,0.310881912,0.006009545,0.22850967
334.,0.,0.434397808,0.009706439,0.000761474,0.010330986,0.000293632,0.311097636,0.006026813,0.227385212
335.,0.,0.43540895,0.009651481,0.000757155,0.010272614,0.000291967,0.311301134,0.006043984,0.226272714
336.,0.,0.436426802,0.009596919,0.000752863,0.010214561,0.000290311,0.311492536,0.006061057,0.225164951
337.,0.,0.437479541,0.009542767,0.0007486,0.010156841,0.000288665,0.311671969,0.006078033,0.224033583
338.,0.,0.438531611,0.009489038,0.000744366,0.010099469,0.00028703,0.311839566,0.006094913,0.222914007
339.,0.,0.439582987,0.009435738,0.000740162,0.010042459,0.000285406,0.311995459,0.006111698,0.221806091
340.,0.,0.4406399,0.009382874,0.000735989,0.009985824,0.000283792,0.312139785,0.006128388,0.220703448
341.,0.,0.4417272,0.00933046,0.000731848,0.009929575,0.000282191,0.31227268,0.006144984,0.219581062
342.,0.,0.442813523,0.009278504,0.00072774,0.009873726,0.000280601,0.312394283,0.006161487,0.218470136
343.,0.,0.443898843,0.009227013,0.000723666,0.009818288,0.000279023,0.312504732,0.006177896,0.217370539
344.,0.,0.444988449,0.009175991,0.000719625,0.009763272,0.000277458,0.31260417,0.006194215,0.216276821
345.,0.,0.446103465,0.009125449,0.00071562,0.009708688,0.000275905,0.312692739,0.006210442,0.215167693
346.,0.,0.447217222,0.009075394,0.000711649,0.009654546,0.000274366,0.312770581,0.006226578,0.214069664
347.,0.,0.448329686,0.00902583,0.000707715,0.009600855,0.00027284,0.312837843,0.006242625,0.212982605
348.,0.,0.449445101,0.008976762,0.000703817,0.009547625,0.000271327,0.312894668,0.006258584,0.211902116
349.,0.,0.450580435,0.008928196,0.000699957,0.009494863,0.000269828,0.312941203,0.006274454,0.210811063
350.,0.,0.451714248,0.00888014,0.000696134,0.009442577,0.000268343,0.312977595,0.006290238,0.209730725
351.,0.,0.452846506,0.008832595,0.000692349,0.009390775,0.000266872,0.313003991,0.006305935,0.208660977
352.,0.,0.453980244,0.008785564,0.000688602,0.009339464,0.000265416,0.313020539,0.006321547,0.207598625
353.,0.,0.455127631,0.008739053,0.000684894,0.00928865,0.000263974,0.313027387,0.006337075,0.206531336
354.,0.,0.456273266,0.008693066,0.000681226,0.009238338,0.000262546,0.313024684,0.006352518,0.205474355
355.,0.,0.457417112,0.008647604,0.000677597,0.009188536,0.000261134,0.313012579,0.00636788,0.204427559
356.,0.,0.458560851,0.00860267,0.000674007,0.009139247,0.000259736,0.31299122,0.006383159,0.203389109
357.,0.,0.45971129,0.008558267,0.000670458,0.009090477,0.000258354,0.312960758,0.006398357,0.202352039
358.,0.,0.460859776,0.008514396,0.000666949,0.009042229,0.000256986,0.312921341,0.006413476,0.201324847
359.,0.,0.462006269,0.00847106,0.00066348,0.008994508,0.000255634,0.312873118,0.006428515,0.200307416
360.,0.,0.46315073,0.008428259,0.000660053,0.008947318,0.000254297,0.312816237,0.006443476,0.19929963
