"time","L","S","E","I_S","I_A","H","R","D","V","YIS","YIH","Vcon","XMAY"
"t","NCL","NCS","NCE","NCIS","NCIA","NCH","NCR","NCD","NCV"
0.,0.,0.729866143,0.00067033,0.00009283,0.00120986,0.000134158,0.266125939,0.00190074,0.
1.,0.,0.730667368,0.00076764,0.000082989,0.00113797,0.000092981,0.264901611,0.001903993,0.000445448
2.,0.,0.731475687,0.000836348,0.000077426,0.001090122,0.000067455,0.263656976,0.00190659,0.000889397
3.,0.,0.732286424,0.000885674,0.000074525,0.001058871,0.000051716,0.262402137,0.001908788,0.001331864
4.,0.,0.733096428,0.00092187,0.000073254,0.001039125,0.000042093,0.261143617,0.001910751,0.001772861
5.,0.,0.733903574,0.000949179,0.000072959,0.001027396,0.000036287,0.259885634,0.001912579,0.002212393
6.,0.,0.734706428,0.000970485,0.000073232,0.001021286,0.000032855,0.258630919,0.001914333,0.002650462
7.,0.,0.73550402,0.000987751,0.000073823,0.001019147,0.000030895,0.257381242,0.001916051,0.003087072
8.,0.,0.736295696,0.001002315,0.000074578,0.001019842,0.000029841,0.256137749,0.001917756,0.003522223
9.,0.,0.737081012,0.001015092,0.000075411,0.001022584,0.000029342,0.254901182,0.001919462,0.003955915
10.,0.,0.737859666,0.001026708,0.00007627,0.001026828,0.000029179,0.253672023,0.001921177,0.004388149
11.,0.,0.738631455,0.001037594,0.00007713,0.001032196,0.000029216,0.25245058,0.001922905,0.004818925
12.,0.,0.739396237,0.001048045,0.000077979,0.001038423,0.000029371,0.251237054,0.001924649,0.005248242
13.,0.,0.740153916,0.001058266,0.000078814,0.001045327,0.000029594,0.250031572,0.001926409,0.005676101
14.,0.,0.740904426,0.001068401,0.000079634,0.001052779,0.000029854,0.248834216,0.001928187,0.006102502
15.,0.,0.741647719,0.001078548,0.000080444,0.001060689,0.000030135,0.247645037,0.001929983,0.006527444
16.,0.,0.742383761,0.001088779,0.000081248,0.001068994,0.000030427,0.246464067,0.001931797,0.006950927
17.,0.,0.743112526,0.001099143,0.000082048,0.001077652,0.000030725,0.245291327,0.001933628,0.007372951
18.,0.,0.743833995,0.001109677,0.00008285,0.001086631,0.000031025,0.244126828,0.001935478,0.007793515
19.,0.,0.744548153,0.001120408,0.000083656,0.001095912,0.000031328,0.242970579,0.001937345,0.008212619
20.,0.,0.745254984,0.001131354,0.00008447,0.001105481,0.000031634,0.241822583,0.001939231,0.008630263
21.,0.,0.745954476,0.001142532,0.000085294,0.001115329,0.000031942,0.240682846,0.001941135,0.009046445
22.,0.,0.746646618,0.001153954,0.00008613,0.001125451,0.000032254,0.239551368,0.001943058,0.009461167
23.,0.,0.747331397,0.00116563,0.000086981,0.001135844,0.00003257,0.238428153,0.001944999,0.009874426
24.,0.,0.748008801,0.001177568,0.000087847,0.001146507,0.000032891,0.237313204,0.00194696,0.010286221
25.,0.,0.748678818,0.001189776,0.000088731,0.001157441,0.000033217,0.236206523,0.00194894,0.010696554
26.,0.,0.749341435,0.00120226,0.000089632,0.001168648,0.000033549,0.235108115,0.00195094,0.011105421
27.,0.,0.749996638,0.001215027,0.000090552,0.001180129,0.000033887,0.234017984,0.001952961,0.011512822
28.,0.,0.750644412,0.001228082,0.000091492,0.001191887,0.000034233,0.232936134,0.001955002,0.011918757
29.,0.,0.751284743,0.001241432,0.000092453,0.001203927,0.000034585,0.231862572,0.001957065,0.012323224
30.,0.,0.751917613,0.001255082,0.000093435,0.001216252,0.000034945,0.230797304,0.001959149,0.012726221
31.,0.,0.752543006,0.001269038,0.000094438,0.001228865,0.000035313,0.229740338,0.001961255,0.013127748
32.,0.,0.753160902,0.001283305,0.000095464,0.001241772,0.000035688,0.228691682,0.001963384,0.013527802
33.,0.,0.753771284,0.001297889,0.000096512,0.001254977,0.000036072,0.227651345,0.001965536,0.013926383
34.,0.,0.754374131,0.001312796,0.000097584,0.001268485,0.000036465,0.226619338,0.001967712,0.014323489
35.,0.,0.754969421,0.001328032,0.00009868,0.001282301,0.000036866,0.225595672,0.001969912,0.014719118
36.,0.,0.755557132,0.001343602,0.000099799,0.001296429,0.000037276,0.224580358,0.001972136,0.015113268
37.,0.,0.75613724,0.001359513,0.000100944,0.001310876,0.000037695,0.223573409,0.001974386,0.015505937
38.,0.,0.756709722,0.001375771,0.000102113,0.001325646,0.000038123,0.22257484,0.001976662,0.015897123
39.,0.,0.75727455,0.001392382,0.000103309,0.001340746,0.000038561,0.221584665,0.001978963,0.016286824
40.,0.,0.757831698,0.001409352,0.00010453,0.00135618,0.000039008,0.2206029,0.001981292,0.016675039
41.,0.,0.758381138,0.001426688,0.000105778,0.001371956,0.000039465,0.219629562,0.001983649,0.017061763
42.,0.,0.758922841,0.001444398,0.000107053,0.001388078,0.000039933,0.218664669,0.001986033,0.017446996
43.,0.,0.759456775,0.001462486,0.000108356,0.001404554,0.00004041,0.217708239,0.001988447,0.017830733
44.,0.,0.75998291,0.001480961,0.000109687,0.001421389,0.000040898,0.216760293,0.001990889,0.018212974
45.,0.,0.760501211,0.001499829,0.000111046,0.001438589,0.000041396,0.215820853,0.001993362,0.018593714
46.,0.,0.761011645,0.001519098,0.000112435,0.001456162,0.000041905,0.214889939,0.001995865,0.01897295
47.,0.,0.761514175,0.001538775,0.000113853,0.001474114,0.000042425,0.213967576,0.0019984,0.019350681
48.,0.,0.762008765,0.001558868,0.000115302,0.001492452,0.000042956,0.213053788,0.002000966,0.019726902
49.,0.,0.762495377,0.001579384,0.000116781,0.001511183,0.000043498,0.212148602,0.002003565,0.02010161
50.,0.,0.762973969,0.00160033,0.000118292,0.001530314,0.000044052,0.211252043,0.002006198,0.020474802
51.,0.,0.763444502,0.001621716,0.000119834,0.001549853,0.000044618,0.210364139,0.002008865,0.020846473
52.,0.,0.763906932,0.001643549,0.000121409,0.001569806,0.000045195,0.209484922,0.002011566,0.021216621
53.,0.,0.764361215,0.001665837,0.000123017,0.001590182,0.000045785,0.20861442,0.002014303,0.021585241
54.,0.,0.764807306,0.001688588,0.000124659,0.001610988,0.000046388,0.207752666,0.002017076,0.02195233
55.,0.,0.765245158,0.001711812,0.000126335,0.001632232,0.000047003,0.206899692,0.002019886,0.022317882
56.,0.,0.765674722,0.001735516,0.000128047,0.001653922,0.000047631,0.206055535,0.002022734,0.022681894
57.,0.,0.766095948,0.00175971,0.000129793,0.001676066,0.000048272,0.205220228,0.00202562,0.023044362
58.,0.,0.766508785,0.001784403,0.000131576,0.001698673,0.000048926,0.204393811,0.002028546,0.02340528
59.,0.,0.766913179,0.001809604,0.000133396,0.001721751,0.000049594,0.20357632,0.002031512,0.023764643
60.,0.,0.767309076,0.001835323,0.000135254,0.001745308,0.000050276,0.202767797,0.002034519,0.024122448
61.,0.,0.767696419,0.001861567,0.00013715,0.001769355,0.000050972,0.201968282,0.002037568,0.024478688
62.,0.,0.76807515,0.001888349,0.000139084,0.001793898,0.000051682,0.201177819,0.00204066,0.024833358
63.,0.,0.76844521,0.001915676,0.000141059,0.001818949,0.000052407,0.200396451,0.002043795,0.025186453
64.,0.,0.768806536,0.00194356,0.000143074,0.001844515,0.000053147,0.199624226,0.002046975,0.025537967
65.,0.,0.769159067,0.00197201,0.00014513,0.001870607,0.000053902,0.198861189,0.0020502,0.025887894
66.,0.,0.769502738,0.002001036,0.000147228,0.001897234,0.000054673,0.19810739,0.002053472,0.026236229
67.,0.,0.769837481,0.002030649,0.000149369,0.001924406,0.000055459,0.19736288,0.002056791,0.026582965
68.,0.,0.77016323,0.00206086,0.000151554,0.001952133,0.000056261,0.19662771,0.002060158,0.026928095
69.,0.,0.770479913,0.002091679,0.000153782,0.001980424,0.00005708,0.195901934,0.002063574,0.027271613
70.,0.,0.770787459,0.002123118,0.000156056,0.002009291,0.000057915,0.195185608,0.00206704,0.027613513
71.,0.,0.771085795,0.002155187,0.000158376,0.002038743,0.000058767,0.194478788,0.002070558,0.027953787
72.,0.,0.771374846,0.002187897,0.000160742,0.002068791,0.000059637,0.193781532,0.002074128,0.028292428
73.,0.,0.771654533,0.00222126,0.000163156,0.002099445,0.000060524,0.193093902,0.002077752,0.028629428
74.,0.,0.771924778,0.002255287,0.000165618,0.002130718,0.000061428,0.192415959,0.00208143,0.028964781
75.,0.,0.772185501,0.002289991,0.000168129,0.002162619,0.000062351,0.191747766,0.002085163,0.029298478
76.,0.,0.772436618,0.002325382,0.000170691,0.002195161,0.000063293,0.19108939,0.002088953,0.029630512
77.,0.,0.772678045,0.002361474,0.000173304,0.002228354,0.000064253,0.190440897,0.002092801,0.029960873
78.,0.,0.772909696,0.002398277,0.000175968,0.002262209,0.000065233,0.189802356,0.002096707,0.030289554
79.,0.,0.773131481,0.002435804,0.000178685,0.002296739,0.000066232,0.189173839,0.002100674,0.030616546
80.,0.,0.773343311,0.002474068,0.000181457,0.002331956,0.00006725,0.188555417,0.002104702,0.03094184
81.,0.,0.773545093,0.00251308,0.000184282,0.002367871,0.000068289,0.187947165,0.002108792,0.031265427
82.,0.,0.773736733,0.002552855,0.000187164,0.002404496,0.000069349,0.18734916,0.002112946,0.031587298
83.,0.,0.773918135,0.002593404,0.000190101,0.002441844,0.000070429,0.18676148,0.002117165,0.031907442
84.,0.,0.7740892,0.00263474,0.000193097,0.002479927,0.000071531,0.186184204,0.00212145,0.032225851
85.,0.,0.77424983,0.002676876,0.000196151,0.002518758,0.000072654,0.185617415,0.002125803,0.032542513
86.,0.,0.774399921,0.002719825,0.000199264,0.002558349,0.000073799,0.185061197,0.002130224,0.03285742
87.,0.,0.77453937,0.002763601,0.000202438,0.002598713,0.000074967,0.184515636,0.002134716,0.033170559
88.,0.,0.774668071,0.002808216,0.000205673,0.002639864,0.000076157,0.183980819,0.002139279,0.033481921
89.,0.,0.774785916,0.002853685,0.00020897,0.002681813,0.000077371,0.183456836,0.002143915,0.033791494
90.,0.,0.774892796,0.00290002,0.000212331,0.002724574,0.000078608,0.182943779,0.002148626,0.034099266
91.,0.,0.774988598,0.002947235,0.000215757,0.002768162,0.000079868,0.182441741,0.002153412,0.034405227
92.,0.,0.775073209,0.002995344,0.000219248,0.002812587,0.000081153,0.181950818,0.002158276,0.034709365
93.,0.,0.775146514,0.003044359,0.000222805,0.002857866,0.000082463,0.181471109,0.002163218,0.035011667
94.,0.,0.775208394,0.003094296,0.00022643,0.00290401,0.000083797,0.181002712,0.00216824,0.035312121
95.,0.,0.775258731,0.003145167,0.000230124,0.002951033,0.000085157,0.18054573,0.002173344,0.035610714
96.,0.,0.775297404,0.003196986,0.000233887,0.00299895,0.000086543,0.180100265,0.002178531,0.035907434
97.,0.,0.775324289,0.003249767,0.000237721,0.003047773,0.000087955,0.179666425,0.002183803,0.036202267
98.,0.,0.775339262,0.003303523,0.000241626,0.003097518,0.000089394,0.179244315,0.002189162,0.036495199
99.,0.,0.775342196,0.003358269,0.000245605,0.003148197,0.000090859,0.178834047,0.002194608,0.036786218
100.,0.,0.775332962,0.003414018,0.000249657,0.003199824,0.000092352,0.178435732,0.002200145,0.03707531
101.,0.,0.77531143,0.003470783,0.000253784,0.003252413,0.000093873,0.178049484,0.002205772,0.037362459
102.,0.,0.77527747,0.003528579,0.000257987,0.003305979,0.000095422,0.177675418,0.002211493,0.037647651
103.,0.,0.775230946,0.003587418,0.000262267,0.003360535,0.000097,0.177313653,0.002217308,0.037930873
104.,0.,0.775171725,0.003647314,0.000266625,0.003416095,0.000098606,0.176964307,0.00222322,0.038212108
105.,0.,0.775099669,0.00370828,0.000271062,0.003472673,0.000100242,0.176627503,0.00222923,0.038491341
106.,0.,0.77501464,0.00377033,0.000275579,0.003530283,0.000101908,0.176303363,0.00223534,0.038768556
107.,0.,0.774916499,0.003833476,0.000280178,0.003588939,0.000103604,0.175992014,0.002241552,0.039043739
108.,0.,0.774805105,0.003897731,0.000284858,0.003648653,0.000105331,0.175693583,0.002247867,0.039316872
109.,0.,0.774680315,0.003963109,0.000289622,0.00370944,0.000107088,0.175408199,0.002254288,0.039587939
110.,0.,0.774541986,0.00402962,0.000294469,0.003771314,0.000108877,0.175135993,0.002260816,0.039856924
111.,0.,0.774389972,0.004097279,0.000299402,0.003834288,0.000110698,0.174877098,0.002267454,0.04012381
112.,0.,0.77422413,0.004166095,0.000304421,0.003898374,0.00011255,0.174631648,0.002274203,0.040388579
113.,0.,0.77404431,0.004236082,0.000309527,0.003963586,0.000114436,0.17439978,0.002281064,0.040651214
114.,0.,0.773850366,0.004307251,0.000314721,0.004029937,0.000116354,0.174181632,0.002288041,0.040911698
115.,0.,0.773642148,0.004379612,0.000320004,0.00409744,0.000118305,0.173977344,0.002295135,0.041170011
116.,0.,0.773419508,0.004453176,0.000325377,0.004166107,0.00012029,0.173787056,0.002302349,0.041426137
117.,0.,0.773182295,0.004527954,0.00033084,0.004235949,0.000122309,0.173610912,0.002309683,0.041680057
118.,0.,0.772930359,0.004603956,0.000336395,0.00430698,0.000124362,0.173449056,0.00231714,0.041931752
119.,0.,0.772663549,0.00468119,0.000342042,0.004379211,0.00012645,0.173301632,0.002324722,0.042181203
120.,0.,0.772381713,0.004759667,0.000347783,0.004452652,0.000128572,0.17316879,0.002332432,0.042428392
121.,0.,0.772084699,0.004839394,0.000353617,0.004527315,0.00013073,0.173050675,0.002340271,0.042673298
122.,0.,0.771772357,0.004920379,0.000359546,0.004603211,0.000132923,0.172947439,0.002348242,0.042915903
123.,0.,0.771444535,0.00500263,0.00036557,0.004680349,0.000135153,0.172859231,0.002356346,0.043156186
124.,0.,0.771101082,0.005086153,0.00037169,0.004758739,0.000137418,0.172786204,0.002364586,0.043394128
125.,0.,0.770741847,0.005170955,0.000377907,0.00483839,0.00013972,0.172728509,0.002372964,0.043629709
126.,0.,0.770366679,0.005257041,0.00038422,0.004919312,0.000142058,0.172686299,0.002381482,0.043862908
127.,0.,0.76997543,0.005344416,0.000390632,0.005001512,0.000144433,0.17265973,0.002390143,0.044093706
128.,0.,0.769567951,0.005433083,0.000397141,0.005084997,0.000146845,0.172648955,0.002398948,0.044322081
129.,0.,0.769144094,0.005523046,0.000403749,0.005169776,0.000149294,0.172654129,0.002407899,0.044548013
130.,0.,0.768703713,0.005614308,0.000410456,0.005255853,0.000151781,0.172675409,0.002417,0.044771481
131.,0.,0.768246664,0.005706869,0.000417262,0.005343236,0.000154305,0.172712949,0.002426251,0.044992464
132.,0.,0.767772803,0.00580073,0.000424168,0.005431928,0.000156867,0.172766906,0.002435656,0.045210942
133.,0.,0.767281989,0.005895891,0.000431173,0.005521934,0.000159467,0.172837436,0.002445217,0.045426893
134.,0.,0.766774084,0.005992351,0.000438278,0.005613257,0.000162105,0.172924694,0.002454936,0.045640296
135.,0.,0.766248949,0.006090107,0.000445483,0.005705901,0.00016478,0.173028836,0.002464814,0.04585113
136.,0.,0.765706452,0.006189155,0.000452787,0.005799866,0.000167494,0.173150016,0.002474855,0.046059374
137.,0.,0.765146461,0.006289492,0.000460191,0.005895153,0.000170246,0.173288389,0.002485061,0.046265007
138.,0.,0.764568847,0.00639111,0.000467695,0.005991763,0.000173035,0.173444108,0.002495434,0.046468008
139.,0.,0.763973485,0.006494004,0.000475297,0.006089694,0.000175863,0.173617326,0.002505975,0.046668355
140.,0.,0.763360253,0.006598165,0.000482999,0.006188944,0.000178728,0.173808194,0.002516688,0.046866028
141.,0.,0.762729034,0.006703583,0.000490799,0.00628951,0.000181631,0.174016861,0.002527575,0.047061006
142.,0.,0.762079714,0.006810248,0.000498697,0.006391388,0.000184572,0.174243477,0.002538637,0.047253267
143.,0.,0.761412183,0.006918148,0.000506692,0.006494571,0.000187551,0.174488187,0.002549877,0.047442791
144.,0.,0.760726337,0.007027268,0.000514783,0.006599054,0.000190566,0.174751136,0.002561298,0.047629558
145.,0.,0.760022076,0.007137594,0.000522971,0.006704827,0.000193619,0.175032466,0.002572901,0.047813547
146.,0.,0.759299305,0.007249109,0.000531253,0.006811883,0.000196708,0.175332317,0.002584688,0.047994738
147.,0.,0.758557934,0.007361795,0.000539629,0.00692021,0.000199834,0.175650827,0.002596662,0.04817311
148.,0.,0.757797881,0.007475632,0.000548097,0.007029797,0.000202995,0.175988129,0.002608825,0.048348645
149.,0.,0.757019067,0.007590598,0.000556657,0.007140629,0.000206193,0.176344354,0.002621178,0.048521323
150.,0.,0.756221423,0.007706672,0.000565306,0.007252693,0.000209425,0.176719631,0.002633725,0.048691125
151.,0.,0.755404884,0.007823827,0.000574044,0.007365971,0.000212692,0.177114083,0.002646466,0.048858032
152.,0.,0.754569392,0.007942038,0.000582869,0.007480447,0.000215994,0.17752783,0.002659405,0.049022026
153.,0.,0.753714899,0.008061276,0.000591779,0.007596099,0.000219329,0.177960988,0.002672542,0.049183089
154.,0.,0.752841361,0.008181512,0.000600771,0.007712909,0.000222697,0.178413668,0.00268588,0.049341202
155.,0.,0.751948745,0.008302713,0.000609845,0.007830852,0.000226097,0.178885977,0.00269942,0.049496351
156.,0.,0.751037026,0.008424846,0.000618998,0.007949904,0.000229529,0.179378015,0.002713166,0.049648517
157.,0.,0.750106185,0.008547875,0.000628228,0.008070039,0.000232991,0.17988988,0.002727117,0.049797685
158.,0.,0.749156216,0.008671764,0.000637532,0.008191229,0.000236484,0.180421661,0.002741276,0.049943839
159.,0.,0.748187118,0.008796472,0.000646907,0.008313445,0.000240005,0.180973443,0.002755645,0.050086965
160.,0.,0.747198904,0.008921958,0.000656351,0.008436655,0.000243555,0.181545303,0.002770226,0.050227049
161.,0.,0.746191593,0.009048179,0.000665862,0.008560825,0.000247131,0.182137314,0.002785019,0.050364077
162.,0.,0.745165218,0.00917509,0.000675436,0.00868592,0.000250734,0.182749539,0.002800026,0.050498037
163.,0.,0.744119819,0.009302644,0.000685069,0.008811904,0.000254362,0.183382036,0.002815249,0.050628916
164.,0.,0.743055449,0.009430792,0.000694759,0.008938737,0.000258014,0.184034856,0.00283069,0.050756703
165.,0.,0.741972172,0.009559483,0.000704503,0.009066379,0.000261688,0.184708039,0.002846348,0.050881389
166.,0.,0.740870063,0.009688663,0.000714296,0.009194786,0.000265384,0.185401619,0.002862227,0.051002963
167.,0.,0.739749208,0.009818279,0.000724134,0.009323913,0.0002691,0.186115623,0.002878325,0.051121417
168.,0.,0.738609708,0.009948273,0.000734015,0.009453714,0.000272834,0.186850066,0.002894646,0.051236743
169.,0.,0.737451673,0.010078586,0.000743934,0.009584141,0.000276586,0.187604955,0.002911189,0.051348936
170.,0.,0.736275227,0.010209158,0.000753886,0.009715142,0.000280354,0.188380288,0.002927956,0.051457989
171.,0.,0.735080507,0.010339927,0.000763868,0.009846664,0.000284135,0.189176054,0.002944947,0.051563897
172.,0.,0.733867662,0.010470828,0.000773875,0.009978654,0.00028793,0.18999223,0.002962163,0.051666657
173.,0.,0.732636856,0.010601795,0.000783902,0.010111055,0.000291735,0.190828784,0.002979605,0.051766268
174.,0.,0.731388264,0.010732761,0.000793945,0.010243809,0.00029555,0.191685673,0.002997272,0.051862727
175.,0.,0.730122078,0.010863656,0.000803998,0.010376855,0.000299372,0.192562842,0.003015166,0.051956034
176.,0.,0.7288385,0.010994409,0.000814057,0.01051013,0.000303199,0.193460226,0.003033286,0.052046191
177.,0.,0.727537749,0.011124949,0.000824116,0.010643573,0.000307031,0.194377749,0.003051633,0.052133201
178.,0.,0.726220056,0.011255199,0.000834171,0.010777116,0.000310864,0.195315321,0.003070207,0.052217066
179.,0.,0.724885669,0.011385086,0.000844215,0.010910692,0.000314698,0.196272841,0.003089007,0.052297792
180.,0.,0.723534847,0.011514533,0.000854243,0.011044232,0.000318529,0.197250197,0.003108034,0.052375386
181.,0.,0.722167866,0.01164346,0.00086425,0.011177666,0.000322356,0.198247262,0.003127286,0.052449854
182.,0.,0.720785015,0.01177179,0.00087423,0.011310921,0.000326176,0.199263898,0.003146764,0.052521207
183.,0.,0.719386598,0.011899442,0.000884176,0.011443923,0.000329988,0.200299952,0.003166467,0.052589454
184.,0.,0.717972934,0.012026334,0.000894084,0.011576597,0.00033379,0.20135526,0.003186394,0.052654607
185.,0.,0.716544354,0.012152384,0.000903946,0.011708867,0.000337578,0.202429644,0.003206545,0.052716681
186.,0.,0.715101208,0.012277511,0.000913757,0.011840655,0.000341352,0.203522912,0.003226917,0.052775689
187.,0.,0.713643856,0.012401629,0.000923511,0.011971881,0.000345108,0.204634857,0.003247511,0.052831648
188.,0.,0.712172675,0.012524654,0.000933201,0.012102466,0.000348844,0.20576526,0.003268324,0.052884575
189.,0.,0.710688054,0.012646504,0.000942821,0.012232328,0.000352558,0.206913888,0.003289356,0.052934491
190.,0.,0.709190398,0.012767092,0.000952365,0.012361385,0.000356247,0.208080492,0.003310605,0.052981416
191.,0.,0.707680126,0.012886333,0.000961826,0.012489554,0.000359909,0.20926481,0.003332069,0.053025372
192.,0.,0.706157668,0.013004144,0.000971197,0.012616753,0.000363542,0.210466567,0.003353746,0.053066384
193.,0.,0.704623469,0.013120438,0.000980473,0.012742896,0.000367143,0.211685471,0.003375634,0.053104475
194.,0.,0.703077989,0.013235131,0.000989647,0.012867899,0.00037071,0.212921218,0.003397731,0.053139675
195.,0.,0.701521698,0.01334814,0.000998711,0.012991677,0.00037424,0.214173488,0.003420035,0.05317201
196.,0.,0.699955079,0.013459381,0.001007661,0.013114145,0.000377731,0.215441948,0.003442544,0.05320151
197.,0.,0.698378629,0.01356877,0.001016489,0.013235218,0.00038118,0.216726251,0.003465254,0.053228209
198.,0.,0.696792855,0.013676227,0.001025189,0.013354811,0.000384585,0.218026034,0.003488163,0.053252137
199.,0.,0.695198277,0.013781668,0.001033754,0.013472838,0.000387943,0.219340921,0.003511268,0.05327333
200.,0.,0.693595424,0.013885016,0.001042179,0.013589215,0.000391253,0.220670523,0.003534566,0.053291824
201.,0.,0.691984838,0.013986191,0.001050456,0.013703858,0.00039451,0.222014437,0.003558054,0.053307655
202.,0.,0.690367069,0.014085116,0.00105858,0.013816684,0.000397714,0.223372245,0.003581728,0.053320863
203.,0.,0.688742678,0.014181715,0.001066545,0.01392761,0.000400862,0.224743517,0.003605586,0.053331488
204.,0.,0.687112234,0.014275915,0.001074344,0.014036553,0.000403951,0.226127809,0.003629623,0.053339572
205.,0.,0.685476315,0.014367643,0.001081972,0.014143434,0.000406979,0.227524665,0.003653836,0.053345156
206.,0.,0.683835508,0.014456831,0.001089422,0.014248172,0.000409943,0.228933617,0.003678221,0.053348286
207.,0.,0.682190406,0.014543409,0.00109669,0.014350689,0.000412843,0.230354182,0.003702774,0.053349007
208.,0.,0.680541609,0.014627312,0.00110377,0.01445091,0.000415674,0.231785869,0.003727491,0.053347365
209.,0.,0.678889724,0.014708478,0.001110656,0.014548758,0.000418436,0.233228172,0.003752368,0.053343409
210.,0.,0.677235363,0.014786846,0.001117343,0.01464416,0.000421125,0.234680577,0.003777399,0.053337187
211.,0.,0.675579143,0.014862358,0.001123826,0.014737045,0.000423741,0.236142555,0.003802582,0.05332875
212.,0.,0.673921685,0.014934959,0.0011301,0.014827344,0.000426281,0.237613572,0.00382791,0.053318149
213.,0.,0.672263614,0.015004597,0.001136161,0.014914989,0.000428743,0.23909308,0.00385338,0.053305436
214.,0.,0.670605558,0.015071223,0.001142004,0.014999916,0.000431125,0.240580523,0.003878987,0.053290664
215.,0.,0.668948145,0.01513479,0.001147624,0.015082063,0.000433426,0.242075337,0.003904726,0.053273888
216.,0.,0.667292009,0.015195257,0.001153019,0.01516137,0.000435644,0.243576949,0.003930591,0.053255162
217.,0.,0.66563778,0.015252583,0.001158184,0.015237779,0.000437777,0.245084778,0.003956578,0.053234542
218.,0.,0.66398609,0.015306732,0.001163115,0.015311236,0.000439824,0.246598236,0.003982681,0.053212085
219.,0.,0.662337572,0.015357672,0.001167809,0.015381691,0.000441783,0.24811673,0.004008896,0.053187847
220.,0.,0.660692855,0.015405373,0.001172264,0.015449094,0.000443653,0.249639657,0.004035217,0.053161888
221.,0.,0.659052567,0.015449809,0.001176476,0.015513401,0.000445433,0.251166412,0.004061638,0.053134264
222.,0.,0.657417333,0.015490959,0.001180442,0.01557457,0.000447121,0.252696386,0.004088154,0.053105035
223.,0.,0.655787776,0.015528804,0.001184162,0.015632561,0.000448717,0.254228962,0.004114759,0.05307426
224.,0.,0.654164511,0.015563328,0.001187631,0.015687339,0.000450219,0.255763522,0.004141449,0.053042
225.,0.,0.652548153,0.015594521,0.001190849,0.015738872,0.000451628,0.257299446,0.004168217,0.053008314
226.,0.,0.650939309,0.015622375,0.001193815,0.015787132,0.000452941,0.25883611,0.004195058,0.052973261
227.,0.,0.649338578,0.015646886,0.001196526,0.015832094,0.000454158,0.260372889,0.004221965,0.052936904
228.,0.,0.647746555,0.015668053,0.001198983,0.015873735,0.000455279,0.261909158,0.004248934,0.052899302
229.,0.,0.646163826,0.015685881,0.001201184,0.015912038,0.000456303,0.263444292,0.004275958,0.052860517
230.,0.,0.644590971,0.015700376,0.001203129,0.015946989,0.000457231,0.264977664,0.004303033,0.052820608
231.,0.,0.643028558,0.015711549,0.001204818,0.015978577,0.000458061,0.266508651,0.004330151,0.052779637
232.,0.,0.641477148,0.015719413,0.001206251,0.016006794,0.000458793,0.26803663,0.004357307,0.052737663
233.,0.,0.639937291,0.015723986,0.001207429,0.016031638,0.000459428,0.269560984,0.004384496,0.052694749
234.,0.,0.638409527,0.01572529,0.001208352,0.016053108,0.000459966,0.271081094,0.004411711,0.052650952
235.,0.,0.636894386,0.015723348,0.001209022,0.016071207,0.000460406,0.272596349,0.004438948,0.052606334
236.,0.,0.635392385,0.015718188,0.001209439,0.016085944,0.00046075,0.274106142,0.004466199,0.052560953
237.,0.,0.633904029,0.015709841,0.001209606,0.016097329,0.000460997,0.275609868,0.004493461,0.052514869
238.,0.,0.632429813,0.01569834,0.001209523,0.016105376,0.000461148,0.277106933,0.004520726,0.052468141
239.,0.,0.630970217,0.015683723,0.001209193,0.016110102,0.000461204,0.278596744,0.00454799,0.052420826
240.,0.,0.629525709,0.015666029,0.001208619,0.016111529,0.000461165,0.28007872,0.004575246,0.052372982
241.,0.,0.628096743,0.015645302,0.001207803,0.016109682,0.000461032,0.281552284,0.00460249,0.052324665
242.,0.,0.626683758,0.015621585,0.001206747,0.016104587,0.000460806,0.283016869,0.004629715,0.052275933
243.,0.,0.625287181,0.015594928,0.001205455,0.016096275,0.000460488,0.284471917,0.004656917,0.05222684
244.,0.,0.623907424,0.01556538,0.001203929,0.01608478,0.000460078,0.285916877,0.00468409,0.052177442
245.,0.,0.622544882,0.015532995,0.001202174,0.016070139,0.000459579,0.287351211,0.004711228,0.052127791
246.,0.,0.621199939,0.015497827,0.001200192,0.016052392,0.000458991,0.288774389,0.004738327,0.052077943
247.,0.,0.619872961,0.015459933,0.001197988,0.01603158,0.000458316,0.290185892,0.004765382,0.052027947
248.,0.,0.6185643,0.015419372,0.001195566,0.016007749,0.000457555,0.291585214,0.004792388,0.051977857
249.,0.,0.617274291,0.015376205,0.001192929,0.015980947,0.000456709,0.292971858,0.004819338,0.051927722
250.,0.,0.616003255,0.015330495,0.001190082,0.015951224,0.00045578,0.294345342,0.00484623,0.051877593
251.,0.,0.614751496,0.015282306,0.001187029,0.015918631,0.000454769,0.295705195,0.004873058,0.051827516
252.,0.,0.613519305,0.015231702,0.001183775,0.015883224,0.000453679,0.297050957,0.004899817,0.05177754
253.,0.,0.612306954,0.015178752,0.001180326,0.015845059,0.000452511,0.298382184,0.004926503,0.051727712
254.,0.,0.611114701,0.015123523,0.001176684,0.015804195,0.000451266,0.299698444,0.004953111,0.051678076
255.,0.,0.609942788,0.015066084,0.001172857,0.015760693,0.000449946,0.300999319,0.004979638,0.051628677
256.,0.,0.60879144,0.015006504,0.001168848,0.015714613,0.000448554,0.302284405,0.005006078,0.051579557
257.,0.,0.607660868,0.014944856,0.001164662,0.015666022,0.000447091,0.303553313,0.005032428,0.051530759
258.,0.,0.606551268,0.014881209,0.001160306,0.015614982,0.000445559,0.304805667,0.005058684,0.051482324
259.,0.,0.605462818,0.014815637,0.001155784,0.015561561,0.00044396,0.306041105,0.005084843,0.051434291
260.,0.,0.604395683,0.014748211,0.001151102,0.015505827,0.000442296,0.307259282,0.005110899,0.0513867
261.,0.,0.603350011,0.014679003,0.001146265,0.015447848,0.000440569,0.308459867,0.00513685,0.051339586
262.,0.,0.602325937,0.014608087,0.001141279,0.015387694,0.000438781,0.309642542,0.005162692,0.051292987
263.,0.,0.601323578,0.014535535,0.001136149,0.015325436,0.000436935,0.310807007,0.005188422,0.051246938
264.,0.,0.60034304,0.01446142,0.001130881,0.015261143,0.000435032,0.311952976,0.005214036,0.051201472
265.,0.,0.599384413,0.014385815,0.001125479,0.015194889,0.000433074,0.313080176,0.005239532,0.051156622
266.,0.,0.598447771,0.014308791,0.001119951,0.015126745,0.000431063,0.314188353,0.005264907,0.051112419
267.,0.,0.597533176,0.01423042,0.001114301,0.015056784,0.000429002,0.315277265,0.005290156,0.051068895
268.,0.,0.596640677,0.014150775,0.001108535,0.014985077,0.000426893,0.316346685,0.005315279,0.051026078
269.,0.,0.595770308,0.014069926,0.001102658,0.014911699,0.000424738,0.317396404,0.005340272,0.050983995
270.,0.,0.59492209,0.013987942,0.001096676,0.014836721,0.000422538,0.318426224,0.005365133,0.050942675
271.,0.,0.594096032,0.013904894,0.001090595,0.014760216,0.000420297,0.319435965,0.005389858,0.050902143
272.,0.,0.593292129,0.01382085,0.001084419,0.014682257,0.000418015,0.320425459,0.005414447,0.050862423
273.,0.,0.592510364,0.013735879,0.001078155,0.014602914,0.000415696,0.321394555,0.005438897,0.050823539
274.,0.,0.591750711,0.013650046,0.001071807,0.014522261,0.000413341,0.322343115,0.005463206,0.050785514
275.,0.,0.591013127,0.013563417,0.001065381,0.014440367,0.000410952,0.323271016,0.005487372,0.050748368
276.,0.,0.590297563,0.013476059,0.001058882,0.014357304,0.000408532,0.324178147,0.005511393,0.050712121
277.,0.,0.589603955,0.013388033,0.001052315,0.01427314,0.000406082,0.325064413,0.005535268,0.050676794
278.,0.,0.588932231,0.013299403,0.001045685,0.014187946,0.000403604,0.325929732,0.005558994,0.050642404
279.,0.,0.588282308,0.01321023,0.001038998,0.014101789,0.0004011,0.326774036,0.005582572,0.050608968
280.,0.,0.587654091,0.013120574,0.001032257,0.014014737,0.000398573,0.327597268,0.005605999,0.050576502
281.,0.,0.587047479,0.013030493,0.001025468,0.013926855,0.000396023,0.328399386,0.005629274,0.050545021
282.,0.,0.586462358,0.012940046,0.001018636,0.01383821,0.000393454,0.32918036,0.005652396,0.05051454
283.,0.,0.585898608,0.012849288,0.001011766,0.013748864,0.000390866,0.329940172,0.005675364,0.050485071
284.,0.,0.585356099,0.012758273,0.001004861,0.013658883,0.000388262,0.330678817,0.005698178,0.050456627
285.,0.,0.584834693,0.012667055,0.000997926,0.013568326,0.000385644,0.3313963,0.005720835,0.05042922
286.,0.,0.584334245,0.012575686,0.000990966,0.013477256,0.000383012,0.33209264,0.005743337,0.050402859
287.,0.,0.583854599,0.012484217,0.000983984,0.013385731,0.000380369,0.332767864,0.005765682,0.050377554
288.,0.,0.583395597,0.012392695,0.000976985,0.013293809,0.000377716,0.333422013,0.005787869,0.050353314
289.,0.,0.58295707,0.012301169,0.000969974,0.013201548,0.000375056,0.334055137,0.005809899,0.050330147
290.,0.,0.582538844,0.012209685,0.000962953,0.013109003,0.000372388,0.334667297,0.005831771,0.05030806
291.,0.,0.582140738,0.012118286,0.000955926,0.013016228,0.000369716,0.335258562,0.005853485,0.050287059
292.,0.,0.581762566,0.012027017,0.000948898,0.012923275,0.000367041,0.335829013,0.00587504,0.05026715
293.,0.,0.581404135,0.011935919,0.000941871,0.012830196,0.000364363,0.33637874,0.005896437,0.050248338
294.,0.,0.58106525,0.011845031,0.00093485,0.012737041,0.000361685,0.336907841,0.005917676,0.050230627
295.,0.,0.580745706,0.011754393,0.000927837,0.012643858,0.000359007,0.337416423,0.005938756,0.050214019
296.,0.,0.580445297,0.011664043,0.000920836,0.012550694,0.000356332,0.337904601,0.005959678,0.050198519
297.,0.,0.580163812,0.011574014,0.000913851,0.012457595,0.00035366,0.338372498,0.005980443,0.050184128
298.,0.,0.579901034,0.011484343,0.000906883,0.012364604,0.000350992,0.338820247,0.00600105,0.050170847
299.,0.,0.579656744,0.011395063,0.000899935,0.012271764,0.00034833,0.339247985,0.0060215,0.050158678
300.,0.,0.57943072,0.011306204,0.000893012,0.012179117,0.000345675,0.339655858,0.006041793,0.05014762
301.,0.,0.579222734,0.011217797,0.000886115,0.012086702,0.000343028,0.340044018,0.006061931,0.050137674
302.,0.,0.579032557,0.011129872,0.000879246,0.011994558,0.00034039,0.340412625,0.006081913,0.050128839
303.,0.,0.578859956,0.011042455,0.000872409,0.011902721,0.000337763,0.340761843,0.00610174,0.050121112
304.,0.,0.578704698,0.010955574,0.000865606,0.011811227,0.000335146,0.341091843,0.006121413,0.050114493
305.,0.,0.578566544,0.010869252,0.000858839,0.011720109,0.000332541,0.341402802,0.006140933,0.050108979
306.,0.,0.578445256,0.010783515,0.00085211,0.011629402,0.000329949,0.341694901,0.0061603,0.050104568
307.,0.,0.578340592,0.010698385,0.000845421,0.011539135,0.00032737,0.341968326,0.006179516,0.050101255
308.,0.,0.57825231,0.010613883,0.000838774,0.011449339,0.000324807,0.34222327,0.00619858,0.050099038
309.,0.,0.578180165,0.010530029,0.000832172,0.011360042,0.000322258,0.342459927,0.006217495,0.050097911
310.,0.,0.578123912,0.010446843,0.000825615,0.011271273,0.000319726,0.342678498,0.006236261,0.050097872
311.,0.,0.578083304,0.010364343,0.000819105,0.011183057,0.00031721,0.342879187,0.006254879,0.050098914
312.,0.,0.578058095,0.010282546,0.000812645,0.011095419,0.000314712,0.3430622,0.006273351,0.050101032
313.,0.,0.578048035,0.010201467,0.000806235,0.011008382,0.000312232,0.34322775,0.006291677,0.050104222
314.,0.,0.578052878,0.010121121,0.000799878,0.010921969,0.000309771,0.343376048,0.006309858,0.050108476
315.,0.,0.578072373,0.010041524,0.000793573,0.010836202,0.000307329,0.343507313,0.006327896,0.05011379
316.,0.,0.578106272,0.009962686,0.000787324,0.0107511,0.000304907,0.343621764,0.006345792,0.050120155
317.,0.,0.578154326,0.009884621,0.00078113,0.010666682,0.000302505,0.343719622,0.006363547,0.050127566
318.,0.,0.578216286,0.00980734,0.000774993,0.010582967,0.000300124,0.343801112,0.006381162,0.050136016
319.,0.,0.578291904,0.009730852,0.000768914,0.010499971,0.000297765,0.343866459,0.006398639,0.050145496
320.,0.,0.578380932,0.009655168,0.000762894,0.010417709,0.000295427,0.343915891,0.006415979,0.050156
321.,0.,0.578483122,0.009580296,0.000756933,0.010336197,0.000293111,0.343949638,0.006433183,0.050167519
322.,0.,0.578598228,0.009506243,0.000751033,0.010255449,0.000290817,0.343967931,0.006450253,0.050180046
323.,0.,0.578726002,0.009433017,0.000745195,0.010175477,0.000288546,0.343971,0.00646719,0.050193572
324.,0.,0.578866201,0.009360624,0.000739418,0.010096293,0.000286299,0.34395908,0.006483995,0.050208089
325.,0.,0.57901858,0.00928907,0.000733705,0.010017908,0.000284075,0.343932404,0.00650067,0.050223588
326.,0.,0.579182897,0.00921836,0.000728054,0.009940333,0.000281874,0.343891206,0.006517216,0.050240061
327.,0.,0.579358909,0.009148497,0.000722467,0.009863577,0.000279697,0.343835721,0.006533634,0.050257498
328.,0.,0.579546375,0.009079486,0.000716944,0.009787647,0.000277545,0.343766185,0.006549927,0.05027589
329.,0.,0.579745058,0.00901133,0.000711486,0.009712553,0.000275416,0.343682833,0.006566095,0.050295229
330.,0.,0.579954719,0.008944031,0.000706093,0.009638301,0.000273312,0.3435859,0.00658214,0.050315504
331.,0.,0.580175123,0.008877591,0.000700765,0.009564897,0.000271233,0.343475622,0.006598063,0.050336706
332.,0.,0.580406035,0.008812012,0.000695503,0.009492347,0.000269179,0.343352234,0.006613866,0.050358826
333.,0.,0.580647222,0.008747294,0.000690306,0.009420655,0.000267149,0.34321597,0.006629551,0.050381853
334.,0.,0.580898453,0.008683438,0.000685175,0.009349827,0.000265144,0.343067066,0.006645118,0.050405779
335.,0.,0.5811595,0.008620445,0.000680111,0.009279865,0.000263164,0.342905754,0.00666057,0.050430592
336.,0.,0.581430135,0.008558312,0.000675112,0.009210773,0.00026121,0.342732268,0.006675907,0.050456283
337.,0.,0.581710132,0.008497041,0.000670179,0.009142552,0.00025928,0.34254684,0.006691132,0.050482843
338.,0.,0.581999269,0.008436629,0.000665313,0.009075206,0.000257376,0.342349701,0.006706245,0.05051026
339.,0.,0.582297324,0.008377075,0.000660513,0.009008735,0.000255497,0.342141082,0.006721249,0.050538525
340.,0.,0.582604078,0.008318376,0.000655779,0.008943141,0.000253643,0.341921212,0.006736144,0.050567627
341.,0.,0.582919313,0.008260531,0.000651111,0.008878423,0.000251815,0.341690319,0.006750933,0.050597555
342.,0.,0.583242814,0.008203538,0.000646509,0.008814582,0.000250012,0.34144863,0.006765616,0.050628301
343.,0.,0.583574368,0.008147392,0.000641973,0.008751616,0.000248233,0.341196369,0.006780196,0.050659852
344.,0.,0.583913766,0.008092091,0.000637502,0.008689527,0.00024648,0.340933762,0.006794673,0.050692199
345.,0.,0.584260797,0.008037631,0.000633097,0.008628311,0.000244752,0.340661031,0.006809049,0.050725332
346.,0.,0.584615256,0.007984009,0.000628757,0.008567967,0.000243049,0.340378397,0.006823326,0.050759239
347.,0.,0.584976938,0.007931221,0.000624482,0.008508494,0.000241371,0.340086079,0.006837506,0.05079391
348.,0.,0.585345642,0.007879262,0.000620271,0.008449889,0.000239718,0.339784295,0.006851588,0.050829335
349.,0.,0.585721167,0.007828128,0.000616126,0.008392149,0.000238089,0.339473262,0.006865576,0.050865502
350.,0.,0.586103318,0.007777815,0.000612044,0.008335272,0.000236486,0.339153193,0.00687947,0.050902403
351.,0.,0.586491898,0.007728318,0.000608026,0.008279253,0.000234906,0.338824301,0.006893273,0.050940025
352.,0.,0.586886715,0.007679632,0.000604072,0.008224091,0.000233352,0.338486797,0.006906984,0.050978358
353.,0.,0.587287578,0.007631751,0.000600181,0.00816978,0.000231821,0.33814089,0.006920607,0.051017392
354.,0.,0.587694299,0.007584672,0.000596353,0.008116317,0.000230315,0.337786786,0.006934141,0.051057117
355.,0.,0.588106693,0.007538387,0.000592587,0.008063697,0.000228833,0.337424692,0.00694759,0.051097521
356.,0.,0.588524576,0.007492893,0.000588883,0.008011917,0.000227375,0.337054809,0.006960953,0.051138594
357.,0.,0.588947766,0.007448183,0.000585241,0.007960972,0.00022594,0.336677339,0.006974233,0.051180325
358.,0.,0.589376085,0.007404252,0.000581661,0.007910857,0.000224529,0.33629248,0.00698743,0.051222705
359.,0.,0.589809357,0.007361094,0.000578141,0.007861566,0.000223142,0.335900431,0.007000547,0.051265722
360.,0.,0.590247405,0.007318703,0.000574681,0.007813095,0.000221778,0.335501386,0.007013585,0.051309366
