"time","L","S","E","I_S","I_A","H","R","D","V","YIS","YIH","Vcon","XMAY"
"t","NCL","NCS","NCE","NCIS","NCIA","NCH","NCR","NCD","NCV"
0.,0.266260097,0.463606046,0.00067033,0.00009283,0.00120986,0.000134158,0.266125939,0.00190074,0.
1.,0.266174788,0.464942397,0.000763676,0.000082945,0.001137632,0.000092978,0.26490159,0.001903993,0.
2.,0.266094013,0.466279689,0.000829231,0.000077278,0.001088942,0.000067438,0.263656821,0.001906588,0.
3.,0.266016205,0.467615001,0.000875917,0.000074241,0.001056523,0.000051672,0.262401658,0.001908782,0.
4.,0.265940303,0.468946363,0.000909795,0.00007282,0.0010354,0.00004201,0.26114257,0.001910738,0.
5.,0.265865586,0.470272448,0.000934983,0.00007237,0.001022154,0.000036157,0.259883745,0.001912556,0.
6.,0.265791561,0.471592366,0.000954287,0.000072488,0.001014436,0.000032673,0.258627892,0.001914296,0.
7.,0.265717891,0.472905517,0.00096962,0.000072924,0.001010626,0.000030658,0.257376767,0.001915998,0.
8.,0.265644343,0.4742115,0.000982286,0.000073527,0.001009604,0.000029548,0.256131508,0.001917683,0.
9.,0.265570756,0.47551005,0.00099318,0.000074208,0.001010595,0.000028992,0.254892854,0.001919365,0.
10.,0.265497015,0.476800989,0.001002914,0.000074918,0.001013059,0.000028772,0.25366128,0.001921053,0.
11.,0.265423037,0.478084203,0.001011909,0.00007563,0.001016622,0.000028753,0.252437095,0.001922751,0.
12.,0.265348764,0.479359619,0.001020455,0.000076332,0.001021023,0.000028851,0.251220496,0.001924461,0.
13.,0.265274148,0.48062719,0.001028754,0.000077019,0.001026078,0.000029017,0.250011609,0.001926184,0.
14.,0.265199155,0.481886891,0.001036945,0.000077692,0.001031659,0.000029221,0.248810514,0.001927922,0.
15.,0.265123756,0.483138708,0.001045126,0.000078353,0.001037677,0.000029446,0.24761726,0.001929674,0.
16.,0.265047926,0.484382635,0.001053364,0.000079007,0.001044068,0.000029681,0.246431879,0.001931441,0.
17.,0.264971644,0.485618672,0.00106171,0.000079657,0.001050789,0.000029921,0.245254386,0.001933222,0.
18.,0.26489489,0.486846822,0.001070198,0.000080306,0.001057807,0.000030165,0.244084794,0.001935017,0.
19.,0.264817648,0.488067094,0.001078853,0.000080958,0.001065103,0.00003041,0.242923106,0.001936827,0.
20.,0.2647399,0.489279493,0.001087695,0.000081616,0.001072662,0.000030657,0.241769326,0.001938652,0.
21.,0.264661629,0.490484028,0.001096737,0.000082282,0.001080473,0.000030907,0.240623453,0.001940492,0.
22.,0.264582819,0.491680709,0.00110599,0.000082959,0.001088531,0.000031159,0.239485487,0.001942347,0.
23.,0.264503455,0.492869544,0.001115464,0.000083647,0.001096831,0.000031414,0.238355428,0.001944217,0.
24.,0.264423519,0.494050541,0.001125167,0.000084349,0.001105373,0.000031674,0.237233275,0.001946103,0.
25.,0.264342998,0.49522371,0.001135103,0.000085065,0.001114155,0.000031938,0.236119027,0.001948004,0.
26.,0.264261873,0.496389058,0.00114528,0.000085797,0.001123178,0.000032207,0.235012685,0.001949922,0.
27.,0.26418013,0.497546594,0.001155702,0.000086545,0.001132443,0.000032482,0.233914248,0.001951856,0.
28.,0.264097752,0.498696324,0.001166374,0.000087311,0.001141953,0.000032762,0.232823718,0.001953807,0.
29.,0.264014722,0.499838255,0.0011773,0.000088094,0.00115171,0.000033049,0.231741096,0.001955775,0.
30.,0.263931024,0.500972392,0.001188486,0.000088895,0.001161715,0.000033342,0.230666385,0.001957761,0.
31.,0.263846641,0.502098742,0.001199935,0.000089715,0.001171973,0.000033642,0.229599587,0.001959765,0.
32.,0.263761555,0.503217309,0.001211653,0.000090554,0.001182487,0.000033948,0.228540706,0.001961788,0.
33.,0.26367575,0.504328097,0.001223643,0.000091413,0.00119326,0.000034262,0.227489745,0.001963829,0.
34.,0.263589208,0.50543111,0.00123591,0.000092293,0.001204296,0.000034583,0.22644671,0.00196589,0.
35.,0.263501911,0.506526349,0.00124846,0.000093192,0.001215598,0.000034912,0.225411607,0.00196797,0.
36.,0.263413841,0.507613818,0.001261296,0.000094112,0.001227171,0.000035248,0.224384442,0.001970071,0.
37.,0.26332498,0.508693517,0.001274423,0.000095054,0.001239019,0.000035592,0.223365221,0.001972193,0.
38.,0.26323531,0.509765448,0.001287847,0.000096017,0.001251145,0.000035944,0.222353953,0.001974336,0.
39.,0.263144811,0.510829609,0.001301572,0.000097002,0.001263555,0.000036305,0.221350646,0.0019765,0.
40.,0.263053464,0.511886,0.001315603,0.00009801,0.001276253,0.000036673,0.220355311,0.001978687,0.
41.,0.26296125,0.512934619,0.001329946,0.00009904,0.001289243,0.00003705,0.219367956,0.001980896,0.
42.,0.262868149,0.513975463,0.001344606,0.000100093,0.00130253,0.000037435,0.218388594,0.001983129,0.
43.,0.262774142,0.51500853,0.001359588,0.00010117,0.001316119,0.000037829,0.217417236,0.001985386,0.
44.,0.262679208,0.516033814,0.001374898,0.000102271,0.001330016,0.000038232,0.216453895,0.001987666,0.
45.,0.262583326,0.517051312,0.001390541,0.000103396,0.001344224,0.000038644,0.215498584,0.001989972,0.
46.,0.262486476,0.518061017,0.001406524,0.000104546,0.00135875,0.000039065,0.214551319,0.001992303,0.
47.,0.262388636,0.519062922,0.001422852,0.000105721,0.001373598,0.000039495,0.213612116,0.001994659,0.
48.,0.262289785,0.52005702,0.001439531,0.000106922,0.001388775,0.000039935,0.212680989,0.001997043,0.
49.,0.2621899,0.521043302,0.001456568,0.000108149,0.001404286,0.000040385,0.211757958,0.001999453,0.
50.,0.26208896,0.522021759,0.001473968,0.000109402,0.001420136,0.000040844,0.21084304,0.002001891,0.
51.,0.261986942,0.522992381,0.001491739,0.000110682,0.001436331,0.000041313,0.209936254,0.002004357,0.
52.,0.261883822,0.523955157,0.001509886,0.00011199,0.001452878,0.000041792,0.209037622,0.002006852,0.
53.,0.261779578,0.524910074,0.001528417,0.000113326,0.001469782,0.000042282,0.208147164,0.002009377,0.
54.,0.261674186,0.525857119,0.001547338,0.00011469,0.00148705,0.000042782,0.207264903,0.002011932,0.
55.,0.261567622,0.526796278,0.001566656,0.000116083,0.001504688,0.000043293,0.206390863,0.002014517,0.
56.,0.26145986,0.527727536,0.001586379,0.000117506,0.001522703,0.000043814,0.205525069,0.002017134,0.
57.,0.261350877,0.528650877,0.001606513,0.000118958,0.0015411,0.000044347,0.204667545,0.002019783,0.
58.,0.261240647,0.529566284,0.001627065,0.000120441,0.001559888,0.000044891,0.203818319,0.002022464,0.
59.,0.261129143,0.530473739,0.001648045,0.000121955,0.001579073,0.000045447,0.202977419,0.002025179,0.
60.,0.261016341,0.531373222,0.001669458,0.000123501,0.001598661,0.000046014,0.202144874,0.002027929,0.
61.,0.260902213,0.532264713,0.001691313,0.000125079,0.001618661,0.000046593,0.201320715,0.002030713,0.
62.,0.260786733,0.533148192,0.001713619,0.000126689,0.001639079,0.000047184,0.200504973,0.002033532,0.
63.,0.260669873,0.534023635,0.001736382,0.000128333,0.001659923,0.000047787,0.19969768,0.002036388,0.
64.,0.260551604,0.534891019,0.001759611,0.000130011,0.0016812,0.000048403,0.198898871,0.002039281,0.
65.,0.2604319,0.535750319,0.001783314,0.000131724,0.001702919,0.000049032,0.198108581,0.002042212,0.
66.,0.26031073,0.53660151,0.001807501,0.000133471,0.001725086,0.000049673,0.197326847,0.002045181,0.
67.,0.260188066,0.537444564,0.001832179,0.000135255,0.001747711,0.000050328,0.196553707,0.00204819,0.
68.,0.260063877,0.538279454,0.001857358,0.000137075,0.001770802,0.000050997,0.195789199,0.002051239,0.
69.,0.259938135,0.539106151,0.001883046,0.000138932,0.001794366,0.000051679,0.195033364,0.002054329,0.
70.,0.259810807,0.539924623,0.001909253,0.000140826,0.001818412,0.000052374,0.194286245,0.002057461,0.
71.,0.259681862,0.540734839,0.001935987,0.000142759,0.001842949,0.000053084,0.193547884,0.002060635,0.
72.,0.259551269,0.541536766,0.001963259,0.000144732,0.001867986,0.000053809,0.192818326,0.002063853,0.
73.,0.259418996,0.542330371,0.001991078,0.000146744,0.001893531,0.000054548,0.192097617,0.002067116,0.
74.,0.25928501,0.543115617,0.002019453,0.000148796,0.001919594,0.000055302,0.191385805,0.002070424,0.
75.,0.259149277,0.543892467,0.002048394,0.00015089,0.001946183,0.000056072,0.190682938,0.002073778,0.
76.,0.259011764,0.544660885,0.002077912,0.000153026,0.001973309,0.000056857,0.189989068,0.002077179,0.
77.,0.258872436,0.545420831,0.002108016,0.000155205,0.002000981,0.000057657,0.189304246,0.002080629,0.
78.,0.258731259,0.546172263,0.002138716,0.000157427,0.002029208,0.000058474,0.188628526,0.002084127,0.
79.,0.258588196,0.546915141,0.002170024,0.000159693,0.002058,0.000059307,0.187961962,0.002087676,0.
80.,0.258443212,0.547649421,0.00220195,0.000162005,0.002087368,0.000060157,0.187304612,0.002091276,0.
81.,0.25829627,0.548375058,0.002234504,0.000164362,0.002117321,0.000061023,0.186656534,0.002094928,0.
82.,0.258147334,0.549092007,0.002267698,0.000166766,0.002147869,0.000061907,0.186017787,0.002098633,0.
83.,0.257996365,0.54980022,0.002301541,0.000169217,0.002179024,0.000062808,0.185388433,0.002102392,0.
84.,0.257843324,0.550499649,0.002336046,0.000171716,0.002210795,0.000063727,0.184768535,0.002106207,0.
85.,0.257688175,0.551190243,0.002371224,0.000174265,0.002243193,0.000064665,0.184158158,0.002110077,0.
86.,0.257530875,0.551871951,0.002407086,0.000176863,0.00227623,0.00006562,0.183557368,0.002114006,0.
87.,0.257371387,0.552544721,0.002443643,0.000179513,0.002309916,0.000066595,0.182966233,0.002117992,0.
88.,0.257209668,0.553208497,0.002480908,0.000182214,0.002344263,0.000067588,0.182384823,0.002122039,0.
89.,0.257045679,0.553863225,0.002518891,0.000184967,0.00237928,0.000068601,0.18181321,0.002126146,0.
90.,0.256879376,0.554508847,0.002557606,0.000187774,0.002414981,0.000069634,0.181251467,0.002130316,0.
91.,0.256710718,0.555145304,0.002597063,0.000190635,0.002451377,0.000070686,0.180699668,0.002134548,0.
92.,0.256539661,0.555772537,0.002637275,0.000193552,0.002488479,0.00007176,0.180157891,0.002138846,0.
93.,0.256366162,0.556390484,0.002678254,0.000196524,0.002526299,0.000072853,0.179626215,0.002143209,0.
94.,0.256190176,0.556999083,0.002720013,0.000199554,0.002564849,0.000073968,0.179104719,0.002147639,0.
95.,0.256011659,0.557598268,0.002762563,0.000202641,0.002604141,0.000075105,0.178593486,0.002152137,0.
96.,0.255830565,0.558187974,0.002805918,0.000205787,0.002644187,0.000076263,0.1780926,0.002156705,0.
97.,0.255646848,0.558768135,0.00285009,0.000208994,0.002684999,0.000077443,0.177602147,0.002161343,0.
98.,0.255460462,0.55933868,0.002895091,0.00021226,0.002726591,0.000078646,0.177122215,0.002166054,0.
99.,0.255271358,0.559899541,0.002940934,0.000215589,0.002768974,0.000079872,0.176652893,0.002170839,0.
100.,0.25507949,0.560450645,0.002987633,0.000218981,0.00281216,0.000081121,0.176194272,0.002175699,0.
101.,0.254884808,0.56099192,0.003035199,0.000222436,0.002856164,0.000082393,0.175746446,0.002180635,0.
102.,0.254687263,0.56152329,0.003083645,0.000225955,0.002900996,0.00008369,0.175309511,0.002185649,0.
103.,0.254486807,0.562044681,0.003132985,0.000229541,0.002946671,0.000085011,0.174883562,0.002190742,0.
104.,0.254283387,0.562556015,0.003183232,0.000233193,0.0029932,0.000086356,0.1744687,0.002195916,0.
105.,0.254076954,0.563057214,0.003234397,0.000236912,0.003040598,0.000087727,0.174065025,0.002201173,0.
106.,0.253867456,0.563548197,0.003286495,0.000240701,0.003088876,0.000089123,0.173672639,0.002206513,0.
107.,0.253654841,0.564028882,0.003339538,0.000244558,0.003138048,0.000090545,0.173291648,0.002211939,0.
108.,0.253439057,0.564499188,0.003393539,0.000248487,0.003188128,0.000091993,0.172922158,0.002217451,0.
109.,0.253220049,0.56495903,0.00344851,0.000252486,0.003239127,0.000093467,0.172564277,0.002223052,0.
110.,0.252997765,0.565408323,0.003504465,0.000256559,0.00329106,0.000094969,0.172218115,0.002228744,0.
111.,0.252772151,0.565846981,0.003561416,0.000260705,0.003343939,0.000096498,0.171883784,0.002234527,0.
112.,0.25254315,0.566274914,0.003619376,0.000264925,0.003397777,0.000098054,0.171561399,0.002240403,0.
113.,0.252310709,0.566692035,0.003678358,0.000269221,0.003452588,0.000099639,0.171251075,0.002246375,0.
114.,0.252074771,0.567098253,0.003738373,0.000273593,0.003508384,0.000101252,0.17095293,0.002252444,0.
115.,0.25183528,0.567493476,0.003799434,0.000278043,0.003565179,0.000102894,0.170667083,0.002258611,0.
116.,0.25159218,0.567877612,0.003861554,0.000282571,0.003622985,0.000104565,0.170393655,0.002264878,0.
117.,0.251345412,0.568250568,0.003924744,0.000287179,0.003681815,0.000106266,0.170132769,0.002271247,0.
118.,0.251094921,0.568612248,0.003989015,0.000291867,0.003741682,0.000107997,0.169884549,0.002277721,0.
119.,0.250840646,0.568962558,0.004054381,0.000296636,0.003802599,0.000109758,0.169649123,0.0022843,0.
120.,0.250582531,0.5693014,0.004120851,0.000301487,0.003864578,0.000111549,0.169426617,0.002290986,0.
121.,0.250320517,0.569628678,0.004188437,0.000306421,0.003927632,0.000113372,0.169217162,0.002297782,0.
122.,0.250054544,0.569944292,0.00425715,0.000311439,0.003991771,0.000115226,0.169020889,0.002304689,0.
123.,0.249784552,0.570248145,0.004327001,0.000316542,0.00405701,0.000117111,0.16883793,0.002311709,0.
124.,0.249510483,0.570540135,0.004397999,0.000321731,0.004123359,0.000119029,0.16866842,0.002318844,0.
125.,0.249232277,0.570820165,0.004470155,0.000327006,0.00419083,0.000120979,0.168512494,0.002326096,0.
126.,0.248949872,0.571088131,0.004543477,0.000332368,0.004259434,0.000122962,0.168370289,0.002333467,0.
127.,0.24866321,0.571343933,0.004617976,0.000337819,0.004329183,0.000124977,0.168241944,0.002340958,0.
128.,0.248372228,0.57158747,0.004693659,0.000343358,0.004400086,0.000127026,0.168127599,0.002348573,0.
129.,0.248076868,0.571818639,0.004770536,0.000348987,0.004472156,0.000129109,0.168027394,0.002356312,0.
130.,0.247777067,0.572037339,0.004848613,0.000354706,0.004545401,0.000131226,0.167941471,0.002364179,0.
131.,0.247472766,0.572243466,0.004927898,0.000360516,0.004619831,0.000133376,0.167869973,0.002372174,0.
132.,0.247163904,0.572436919,0.005008397,0.000366417,0.004695455,0.000135561,0.167813046,0.0023803,0.
133.,0.246850419,0.572617596,0.005090118,0.000372411,0.004772284,0.000137781,0.167770832,0.002388559,0.
134.,0.246532252,0.572785394,0.005173064,0.000378497,0.004850324,0.000140036,0.167743479,0.002396953,0.
135.,0.246209342,0.572940212,0.005257242,0.000384677,0.004929585,0.000142326,0.167731133,0.002405485,0.
136.,0.245881628,0.573081948,0.005342654,0.00039095,0.005010072,0.000144651,0.167733941,0.002414155,0.
137.,0.245549052,0.573210501,0.005429306,0.000397317,0.005091794,0.000147011,0.167752051,0.002422967,0.
138.,0.245211552,0.573325773,0.005517198,0.000403779,0.005174757,0.000149408,0.167785611,0.002431923,0.
139.,0.244869069,0.573427662,0.005606335,0.000410336,0.005258966,0.00015184,0.167834768,0.002441024,0.
140.,0.244521545,0.573516072,0.005696715,0.000416987,0.005344426,0.000154309,0.167899673,0.002450273,0.
141.,0.244168922,0.573590905,0.00578834,0.000423734,0.005431142,0.000156813,0.167980472,0.002459672,0.
142.,0.24381114,0.573652064,0.005881209,0.000430576,0.005519118,0.000159354,0.168077316,0.002469223,0.
143.,0.243448143,0.573699456,0.00597532,0.000437514,0.005608356,0.000161931,0.168190352,0.002478928,0.
144.,0.243079875,0.573732987,0.006070672,0.000444548,0.005698858,0.000164544,0.168319728,0.002488789,0.
145.,0.242706278,0.573752565,0.006167259,0.000451676,0.005790627,0.000167194,0.168465591,0.002498809,0.
146.,0.242327299,0.573758102,0.006265078,0.000458901,0.005883662,0.00016988,0.168628089,0.00250899,0.
147.,0.241942882,0.57374951,0.006364124,0.00046622,0.005977962,0.000172602,0.168807367,0.002519334,0.
148.,0.241552974,0.573726704,0.006464388,0.000473634,0.006073528,0.000175361,0.16900357,0.002529842,0.
149.,0.241157523,0.573689601,0.006565863,0.000481143,0.006170355,0.000178156,0.169216841,0.002540517,0.
150.,0.240756478,0.573638121,0.00666854,0.000488746,0.006268442,0.000180987,0.169447324,0.002551362,0.
151.,0.240349788,0.573572186,0.006772409,0.000496442,0.006367783,0.000183854,0.16969516,0.002562378,0.
152.,0.239937405,0.573491722,0.006877457,0.000504231,0.006468373,0.000186757,0.169960486,0.002573568,0.
153.,0.239519282,0.573396659,0.006983671,0.000512113,0.006570206,0.000189696,0.170243441,0.002584933,0.
154.,0.239095372,0.573286927,0.007091038,0.000520086,0.006673273,0.00019267,0.170544158,0.002596475,0.
155.,0.23866563,0.573162464,0.007199541,0.00052815,0.006777566,0.000195679,0.170862772,0.002608198,0.
156.,0.238230015,0.573023208,0.007309163,0.000536303,0.006883075,0.000198723,0.171199412,0.002620102,0.
157.,0.237788484,0.572869103,0.007419885,0.000544545,0.006989787,0.000201801,0.171554206,0.00263219,0.
158.,0.237340998,0.572700098,0.007531687,0.000552874,0.007097691,0.000204913,0.171927277,0.002644463,0.
159.,0.236887519,0.572516144,0.007644547,0.000561288,0.007206771,0.000208059,0.172318746,0.002656925,0.
160.,0.236428013,0.572317199,0.007758442,0.000569788,0.007317013,0.000211238,0.172728731,0.002669575,0.
161.,0.235962445,0.572103225,0.007873346,0.00057837,0.0074284,0.00021445,0.173157346,0.002682418,0.
162.,0.235490784,0.571874189,0.007989233,0.000587034,0.007540912,0.000217694,0.173604701,0.002695454,0.
163.,0.235013,0.571630064,0.008106075,0.000595777,0.00765453,0.000220969,0.1740709,0.002708685,0.
164.,0.234529068,0.571370828,0.008223842,0.000604597,0.007769232,0.000224276,0.174556044,0.002722113,0.
165.,0.234038962,0.571096466,0.008342501,0.000613494,0.007884995,0.000227612,0.17506023,0.00273574,0.
166.,0.233542661,0.570806967,0.00846202,0.000622463,0.008001794,0.000230978,0.175583549,0.002749567,0.
167.,0.233040146,0.570502328,0.008582363,0.000631504,0.008119604,0.000234372,0.176126085,0.002763597,0.
168.,0.2325314,0.570182553,0.008703494,0.000640613,0.008238395,0.000237795,0.17668792,0.00277783,0.
169.,0.232016409,0.569847652,0.008825373,0.000649789,0.008358139,0.000241244,0.177269126,0.002792268,0.
170.,0.231495163,0.569497641,0.008947959,0.000659028,0.008478803,0.000244719,0.177869772,0.002806914,0.
171.,0.230967654,0.569132546,0.009071212,0.000668327,0.008600355,0.00024822,0.178489919,0.002821767,0.
172.,0.230433877,0.568752398,0.009195085,0.000677685,0.00872276,0.000251744,0.179129622,0.00283683,0.
173.,0.229893831,0.568357236,0.009319533,0.000687096,0.008845981,0.000255291,0.179788927,0.002852104,0.
174.,0.229347518,0.56794711,0.009444509,0.000696559,0.008969978,0.00025886,0.180467874,0.00286759,0.
175.,0.228794943,0.567522074,0.009569963,0.00070607,0.009094714,0.00026245,0.181166497,0.002883289,0.
176.,0.228236115,0.567082192,0.009695842,0.000715626,0.009220144,0.000266059,0.181884819,0.002899203,0.
177.,0.227671046,0.566627539,0.009822095,0.000725222,0.009346225,0.000269686,0.182622856,0.002915332,0.
178.,0.227099751,0.566158195,0.009948665,0.000734855,0.009472911,0.00027333,0.183380615,0.002931677,0.
179.,0.226522251,0.565674251,0.010075497,0.000744521,0.009600155,0.000276989,0.184158096,0.002948239,0.
180.,0.225938569,0.565175808,0.010202531,0.000754217,0.009727908,0.000280662,0.184955286,0.002965019,0.
181.,0.225348731,0.564662975,0.010329708,0.000763937,0.009856118,0.000284347,0.185772167,0.002982018,0.
182.,0.224752769,0.56413587,0.010456965,0.000773677,0.009984732,0.000288043,0.186608708,0.002999236,0.
183.,0.224150718,0.563594623,0.010584239,0.000783433,0.010113696,0.000291749,0.187464869,0.003016673,0.
184.,0.223542617,0.563039372,0.010711466,0.000793201,0.010242953,0.000295462,0.1883406,0.00303433,0.
185.,0.222928509,0.562470266,0.010838578,0.000802976,0.010372445,0.00029918,0.18923584,0.003052207,0.
186.,0.222308441,0.561887463,0.010965508,0.000812752,0.010502112,0.000302903,0.190150518,0.003070304,0.
187.,0.221682466,0.561291132,0.011092186,0.000822525,0.010631892,0.000306628,0.19108455,0.003088622,0.
188.,0.221050637,0.560681454,0.011218541,0.00083229,0.010761722,0.000310354,0.192037843,0.00310716,0.
189.,0.220413017,0.560058617,0.011344501,0.000842042,0.010891538,0.000314078,0.19301029,0.003125917,0.
190.,0.219769668,0.559422822,0.011469994,0.000851774,0.011021272,0.000317799,0.194001775,0.003144895,0.
191.,0.219120659,0.558774281,0.011594945,0.000861483,0.011150859,0.000321514,0.195012168,0.003164092,0.
192.,0.218466063,0.558113214,0.011719277,0.000871162,0.011280227,0.000325222,0.196041326,0.003183508,0.
193.,0.217805957,0.557439855,0.011842916,0.000880806,0.011409307,0.000328921,0.197089096,0.003203142,0.
194.,0.217140423,0.556754446,0.011965784,0.000890409,0.011538026,0.000332607,0.198155311,0.003222993,0.
195.,0.216469546,0.556057241,0.012087802,0.000899966,0.011666312,0.000336281,0.199239791,0.003243061,0.
196.,0.215793417,0.555348504,0.012208893,0.00090947,0.01179409,0.000339938,0.200342344,0.003263344,0.
197.,0.21511213,0.55462851,0.012328977,0.000918915,0.011921285,0.000343577,0.201462764,0.003283841,0.
198.,0.214425783,0.553897544,0.012447975,0.000928297,0.012047822,0.000347197,0.202600832,0.003304551,0.
199.,0.21373448,0.553155903,0.012565806,0.000937608,0.012173621,0.000350793,0.203756316,0.003325473,0.
200.,0.213038327,0.552403894,0.012682391,0.000946842,0.012298606,0.000354365,0.204928971,0.003346604,0.
201.,0.212337435,0.551641831,0.012797649,0.000955995,0.012422699,0.00035791,0.206118538,0.003367944,0.
202.,0.21163192,0.550870043,0.012911501,0.000965058,0.012545819,0.000361425,0.207324745,0.003389489,0.
203.,0.210921902,0.550088865,0.013023866,0.000974027,0.012667887,0.000364909,0.208547305,0.003411239,0.
204.,0.210207502,0.549298645,0.013134664,0.000982896,0.012788823,0.000368358,0.20978592,0.003433191,0.
205.,0.209488849,0.548499738,0.013243817,0.000991657,0.012908547,0.000371772,0.211040277,0.003455343,0.
206.,0.208766072,0.547692509,0.013351246,0.001000305,0.013026978,0.000375146,0.21231005,0.003477693,0.
207.,0.208039308,0.546877333,0.013456873,0.001008835,0.013144036,0.00037848,0.213594898,0.003500237,0.
208.,0.207308692,0.546054594,0.013560621,0.001017239,0.01325964,0.00038177,0.21489447,0.003522974,0.
209.,0.206574368,0.545224682,0.013662413,0.001025512,0.013373711,0.000385015,0.216208399,0.0035459,0.
210.,0.205836479,0.544387999,0.013762175,0.001033648,0.013486169,0.000388212,0.217536306,0.003569013,0.
211.,0.205095175,0.543544952,0.013859833,0.00104164,0.013596933,0.000391359,0.218877799,0.003592308,0.
212.,0.204350605,0.542695958,0.013955314,0.001049484,0.013705927,0.000394453,0.220232475,0.003615784,0.
213.,0.203602924,0.541841439,0.014048549,0.001057173,0.013813072,0.000397492,0.221599915,0.003639437,0.
214.,0.202852289,0.540981824,0.014139466,0.001064702,0.01391829,0.000400475,0.22297969,0.003663264,0.
215.,0.202098858,0.540117552,0.014228001,0.001072066,0.014021507,0.000403398,0.224371359,0.00368726,0.
216.,0.201342795,0.539249063,0.014314085,0.001079258,0.014122647,0.00040626,0.225774469,0.003711421,0.
217.,0.200584264,0.538376808,0.014397658,0.001086273,0.014221638,0.000409059,0.227188556,0.003735746,0.
218.,0.19982343,0.537501238,0.014478656,0.001093107,0.014318406,0.000411792,0.228613144,0.003760228,0.
219.,0.199060462,0.536622813,0.014557021,0.001099754,0.014412882,0.000414458,0.230047747,0.003784864,0.
220.,0.19829553,0.535741994,0.014632697,0.001106209,0.014504997,0.000417054,0.231491867,0.00380965,0.
221.,0.197528806,0.53485925,0.014705629,0.001112469,0.014594684,0.000419579,0.232945,0.003834582,0.
222.,0.196760464,0.53397505,0.014775767,0.001118527,0.014681879,0.000422031,0.234406627,0.003859655,0.
223.,0.195990677,0.533089867,0.014843061,0.00112438,0.014766518,0.000424409,0.235876224,0.003884864,0.
224.,0.195219621,0.532204177,0.014907466,0.001130024,0.01484854,0.000426709,0.237353258,0.003910206,0.
225.,0.194447472,0.531318457,0.014968938,0.001135454,0.014927888,0.000428931,0.238837185,0.003935674,0.
226.,0.193674409,0.530433185,0.015027437,0.001140668,0.015004506,0.000431074,0.240327456,0.003961266,0.
227.,0.192900607,0.529548842,0.015082928,0.001145661,0.015078339,0.000433134,0.241823515,0.003986974,0.
228.,0.192126244,0.528665908,0.015135375,0.00115043,0.015149338,0.000435113,0.243324797,0.004012796,0.
229.,0.1913515,0.527784862,0.015184749,0.001154971,0.015217455,0.000437007,0.244830732,0.004038725,0.
230.,0.19057655,0.526906184,0.015231021,0.001159283,0.015282644,0.000438815,0.246340746,0.004064756,0.
231.,0.189801573,0.526030353,0.015274169,0.001163363,0.015344862,0.000440537,0.247854257,0.004090885,0.
232.,0.189026746,0.525157845,0.015314171,0.001167207,0.015404071,0.000442172,0.249370682,0.004117106,0.
233.,0.188252244,0.524289133,0.015351009,0.001170815,0.015460235,0.000443718,0.250889433,0.004143413,0.
234.,0.187478242,0.523424691,0.015384671,0.001174183,0.01551332,0.000445174,0.252409916,0.004169802,0.
235.,0.186704916,0.522564985,0.015415145,0.001177311,0.015563296,0.00044654,0.253931539,0.004196267,0.
236.,0.185932437,0.521710482,0.015442424,0.001180197,0.015610136,0.000447815,0.255453705,0.004222803,0.
237.,0.185160978,0.52086164,0.015466505,0.00118284,0.015653818,0.000448999,0.256975817,0.004249404,0.
238.,0.184390707,0.520018917,0.015487387,0.001185239,0.01569432,0.00045009,0.258497276,0.004276064,0.
239.,0.183621793,0.519182761,0.015505073,0.001187393,0.015731627,0.000451088,0.260017485,0.004302779,0.
240.,0.182854401,0.518353619,0.01551957,0.001189303,0.015765724,0.000451994,0.261535845,0.004329543,0.
241.,0.182088696,0.517531929,0.015530888,0.001190967,0.015796602,0.000452807,0.263051761,0.004356349,0.
242.,0.181324839,0.516718124,0.015539039,0.001192387,0.015824253,0.000453526,0.264564638,0.004383194,0.
243.,0.180562989,0.515912628,0.015544039,0.001193562,0.015848675,0.000454152,0.266073884,0.00441007,0.
244.,0.179803301,0.51511586,0.015545909,0.001194494,0.015869867,0.000454685,0.26757891,0.004436973,0.
245.,0.179045931,0.514328229,0.015544671,0.001195183,0.015887833,0.000455125,0.26907913,0.004463897,0.
246.,0.178291027,0.513550138,0.015540351,0.00119563,0.01590258,0.000455472,0.270573964,0.004490837,0.
247.,0.177538739,0.51278198,0.015532976,0.001195837,0.015914117,0.000455727,0.272062835,0.004517788,0.
248.,0.17678921,0.51202414,0.01552258,0.001195806,0.015922458,0.00045589,0.273545173,0.004544743,0.
249.,0.176042582,0.511276993,0.015509195,0.001195538,0.015927618,0.000455962,0.275020414,0.004571697,0.
250.,0.175298993,0.510540905,0.01549286,0.001195036,0.015929618,0.000455942,0.276488,0.004598646,0.
251.,0.174558576,0.509816232,0.015473614,0.001194301,0.015928481,0.000455833,0.277947379,0.004625583,0.
252.,0.173821464,0.50910332,0.015451499,0.001193337,0.015924231,0.000455635,0.27939801,0.004652504,0.
253.,0.173087782,0.508402505,0.01542656,0.001192146,0.015916898,0.000455348,0.280839357,0.004679404,0.
254.,0.172357654,0.507714112,0.015398844,0.001190731,0.015906513,0.000454974,0.282270895,0.004706277,0.
255.,0.1716312,0.507038455,0.015368401,0.001189096,0.01589311,0.000454513,0.283692106,0.004733118,0.
256.,0.170908535,0.506375839,0.015335281,0.001187243,0.015876727,0.000453968,0.285102484,0.004759923,0.
257.,0.170189772,0.505726554,0.015299538,0.001185177,0.015857402,0.000453339,0.286501532,0.004786686,0.
258.,0.169475018,0.505090883,0.015261227,0.001182901,0.015835178,0.000452627,0.287888764,0.004813402,0.
259.,0.168764377,0.504469094,0.015220406,0.001180418,0.0158101,0.000451833,0.289263703,0.004840068,0.
260.,0.168057949,0.503861447,0.015177132,0.001177734,0.015782213,0.00045096,0.290625887,0.004866677,0.
261.,0.167355829,0.503268187,0.015131466,0.001174851,0.015751568,0.000450009,0.291974863,0.004893227,0.
262.,0.166658109,0.502689549,0.01508347,0.001171775,0.015718216,0.000448981,0.293310191,0.004919711,0.
263.,0.165964876,0.502125756,0.015033205,0.001168509,0.015682208,0.000447877,0.294631442,0.004946127,0.
264.,0.165276214,0.50157702,0.014980736,0.001165059,0.015643601,0.0004467,0.295938201,0.004972469,0.
265.,0.164592202,0.501043539,0.014926128,0.001161429,0.015602451,0.000445451,0.297230067,0.004998733,0.
266.,0.163912915,0.500525502,0.014869446,0.001157624,0.015558816,0.000444131,0.29850665,0.005024916,0.
267.,0.163238424,0.500023085,0.014810757,0.001153648,0.015512755,0.000442744,0.299767573,0.005051013,0.
268.,0.162568796,0.49953645,0.014750129,0.001149507,0.015464331,0.00044129,0.301012475,0.005077021,0.
269.,0.161904094,0.499065752,0.014687628,0.001145206,0.015413606,0.000439771,0.302241008,0.005102936,0.
270.,0.161244378,0.49861113,0.014623322,0.001140749,0.015360643,0.000438189,0.303452836,0.005128754,0.
271.,0.160589701,0.498172714,0.014557282,0.001136142,0.015305506,0.000436546,0.304647638,0.005154471,0.
272.,0.159940116,0.497750622,0.014489574,0.001131389,0.015248262,0.000434844,0.305825109,0.005180085,0.
273.,0.159295668,0.497344959,0.014420268,0.001126497,0.015188976,0.000433085,0.306984955,0.005205592,0.
274.,0.158656402,0.496955822,0.014349432,0.00112147,0.015127716,0.000431271,0.308126899,0.005230989,0.
275.,0.158022357,0.496583293,0.014277136,0.001116313,0.015064548,0.000429403,0.309250676,0.005256272,0.
276.,0.157393569,0.496227447,0.014203446,0.001111033,0.014999542,0.000427485,0.310356038,0.00528144,0.
277.,0.15677007,0.495888346,0.014128432,0.001105633,0.014932765,0.000425517,0.311442748,0.005306489,0.
278.,0.156151888,0.495566041,0.014052162,0.00110012,0.014864286,0.000423502,0.312510586,0.005331416,0.
279.,0.155539049,0.495260573,0.013974702,0.001094498,0.014794174,0.000421442,0.313559344,0.005356219,0.
280.,0.154931574,0.494971974,0.013896119,0.001088772,0.014722497,0.000419339,0.31458883,0.005380895,0.
281.,0.154329481,0.494700266,0.013816479,0.001082949,0.014649323,0.000417194,0.315598865,0.005405443,0.
282.,0.153732786,0.494445458,0.013735848,0.001077033,0.014574723,0.000415011,0.316589284,0.005429859,0.
283.,0.153141499,0.494207552,0.01365429,0.001071028,0.014498762,0.00041279,0.317559936,0.005454142,0.
284.,0.15255563,0.493986541,0.013571868,0.001064941,0.014421511,0.000410533,0.318510684,0.00547829,0.
285.,0.151975184,0.493782408,0.013488647,0.001058777,0.014343035,0.000408244,0.319441404,0.005502301,0.
286.,0.151400163,0.493595126,0.013404687,0.001052539,0.014263402,0.000405923,0.320351986,0.005526173,0.
287.,0.150830568,0.493424662,0.013320049,0.001046234,0.014182679,0.000403572,0.321242332,0.005549905,0.
288.,0.150266395,0.49327097,0.013234794,0.001039865,0.01410093,0.000401194,0.322112357,0.005573495,0.
289.,0.149707639,0.493134001,0.01314898,0.001033438,0.014018221,0.00039879,0.322961991,0.005596941,0.
290.,0.14915429,0.493013695,0.013062664,0.001026958,0.013934616,0.000396362,0.323791174,0.005620242,0.
291.,0.148606338,0.492909984,0.012975903,0.001020428,0.013850178,0.000393912,0.32459986,0.005643397,0.
292.,0.14806377,0.492822794,0.012888752,0.001013854,0.01376497,0.000391441,0.325388014,0.005666406,0.
293.,0.147526569,0.492752042,0.012801265,0.00100724,0.013679053,0.000388952,0.326155613,0.005689266,0.
294.,0.146994718,0.492697641,0.012713495,0.00100059,0.013592487,0.000386447,0.326902646,0.005711977,0.
295.,0.146468197,0.492659493,0.012625492,0.000993908,0.013505332,0.000383925,0.327629113,0.005734539,0.
296.,0.145946982,0.492637498,0.012537308,0.000987199,0.013417646,0.000381391,0.328335026,0.005756949,0.
297.,0.145431051,0.492631546,0.01244899,0.000980467,0.013329486,0.000378844,0.329020407,0.005779209,0.
298.,0.144920376,0.492641523,0.012360587,0.000973716,0.013240907,0.000376287,0.329685287,0.005801317,0.
299.,0.144414931,0.492667308,0.012272143,0.000966949,0.013151965,0.000373722,0.330329709,0.005823273,0.
300.,0.143914683,0.492708776,0.012183705,0.000960171,0.013062713,0.000371149,0.330953727,0.005845077,0.
301.,0.143419604,0.492765797,0.012095314,0.000953384,0.012973203,0.00036857,0.331557402,0.005866727,0.
302.,0.142929659,0.492838233,0.012007013,0.000946593,0.012883485,0.000365987,0.332140806,0.005888225,0.
303.,0.142444813,0.492925944,0.011918843,0.000939801,0.01279361,0.0003634,0.332704019,0.00590957,0.
304.,0.141965032,0.493028784,0.011830842,0.000933012,0.012703626,0.000360812,0.33324713,0.005930762,0.
305.,0.141490278,0.493146604,0.011743049,0.000926228,0.012613579,0.000358224,0.333770238,0.0059518,0.
306.,0.141020511,0.49327925,0.011655499,0.000919453,0.012523515,0.000355637,0.334273448,0.005972686,0.
307.,0.140555693,0.493426565,0.011568229,0.000912689,0.012433479,0.000353052,0.334756874,0.005993419,0.
308.,0.140095782,0.493588386,0.011481272,0.000905941,0.012343512,0.00035047,0.335220636,0.006014,0.
309.,0.139640737,0.493764549,0.011394661,0.00089921,0.012253657,0.000347893,0.335664864,0.006034429,0.
310.,0.139190515,0.493954886,0.011308426,0.000892499,0.012163954,0.000345322,0.336089692,0.006054706,0.
311.,0.138745071,0.494159226,0.011222597,0.000885812,0.012074442,0.000342757,0.336495263,0.006074831,0.
312.,0.138304362,0.494377395,0.011137204,0.000879149,0.011985157,0.0003402,0.336881725,0.006094806,0.
313.,0.137868342,0.494609217,0.011052274,0.000872515,0.011896137,0.000337652,0.337249232,0.006114631,0.
314.,0.137436964,0.494854512,0.010967833,0.000865911,0.011807415,0.000335114,0.337597945,0.006134306,0.
315.,0.137010182,0.495113099,0.010883906,0.000859339,0.011719027,0.000332586,0.337928029,0.006153833,0.
316.,0.136587948,0.495384796,0.010800516,0.000852803,0.011631002,0.00033007,0.338239655,0.006173211,0.
317.,0.136170215,0.495669416,0.010717687,0.000846302,0.011543374,0.000327566,0.338532999,0.006192442,0.
318.,0.135756934,0.495966773,0.010635439,0.000839841,0.01145617,0.000325075,0.338808241,0.006211526,0.
319.,0.135348056,0.49627668,0.010553794,0.00083342,0.01136942,0.000322599,0.339065567,0.006230465,0.
320.,0.134943531,0.496598945,0.010472771,0.000827041,0.011283151,0.000320137,0.339305165,0.006249259,0.
321.,0.134543311,0.496933378,0.010392387,0.000820706,0.011197389,0.00031769,0.339527229,0.006267909,0.
322.,0.134147345,0.497279788,0.010312661,0.000814416,0.011112158,0.00031526,0.339731955,0.006286417,0.
323.,0.133755583,0.49763798,0.010233608,0.000808174,0.011027482,0.000312846,0.339919544,0.006304782,0.
324.,0.133367974,0.498007762,0.010155244,0.00080198,0.010943384,0.00031045,0.340090198,0.006323007,0.
325.,0.132984469,0.498388938,0.010077583,0.000795837,0.010859885,0.000308072,0.340244124,0.006341092,0.
326.,0.132605016,0.498781315,0.010000638,0.000789744,0.010777005,0.000305712,0.34038153,0.006359039,0.
327.,0.132229565,0.499184697,0.009924422,0.000783703,0.010694763,0.000303372,0.340502629,0.006376848,0.
328.,0.131858065,0.499598888,0.009848947,0.000777717,0.010613177,0.00030105,0.340607634,0.006394522,0.
329.,0.131490465,0.500023693,0.009774222,0.000771784,0.010532265,0.000298749,0.340696761,0.00641206,0.
330.,0.131126714,0.500458916,0.009700259,0.000765907,0.010452043,0.000296468,0.340770228,0.006429464,0.
331.,0.130766762,0.500904361,0.009627066,0.000760087,0.010372525,0.000294208,0.340828254,0.006446736,0.
332.,0.130410558,0.501359834,0.009554652,0.000754324,0.010293726,0.000291969,0.340871059,0.006463877,0.
333.,0.130058052,0.501825139,0.009483024,0.000748619,0.01021566,0.000289752,0.340898867,0.006480888,0.
334.,0.129709192,0.502300081,0.00941219,0.000742973,0.010138338,0.000287556,0.340911901,0.00649777,0.
335.,0.12936393,0.502784466,0.009342154,0.000737386,0.010061772,0.000285383,0.340910384,0.006514525,0.
336.,0.129022214,0.503278102,0.009272924,0.000731859,0.009985972,0.000283232,0.340894543,0.006531153,0.
337.,0.128683995,0.503780794,0.009204505,0.000726393,0.009910949,0.000281104,0.340864603,0.006547658,0.
338.,0.128349223,0.50429235,0.009136899,0.000720989,0.009836712,0.000278998,0.34082079,0.006564039,0.
339.,0.12801785,0.50481258,0.009070111,0.000715645,0.009763269,0.000276916,0.340763331,0.006580298,0.
340.,0.127689826,0.505341292,0.009004145,0.000710364,0.009690627,0.000274857,0.340692453,0.006596436,0.
341.,0.127365101,0.505878297,0.008939003,0.000705145,0.009618794,0.000272821,0.340608382,0.006612456,0.
342.,0.127043629,0.506423407,0.008874687,0.000699989,0.009547775,0.00027081,0.340511346,0.006628358,0.
343.,0.12672536,0.506976433,0.008811199,0.000694896,0.009477576,0.000268821,0.340401571,0.006644143,0.
344.,0.126410247,0.50753719,0.008748539,0.000689866,0.009408202,0.000266857,0.340279284,0.006659814,0.
345.,0.126098242,0.508105493,0.008686709,0.0006849,0.009339658,0.000264917,0.340144711,0.006675371,0.
346.,0.125789299,0.508681156,0.008625709,0.000679997,0.009271947,0.000263001,0.339998076,0.006690816,0.
347.,0.12548337,0.509263999,0.008565538,0.000675157,0.009205071,0.000261109,0.339839605,0.006706151,0.
348.,0.125180409,0.509853839,0.008506196,0.000670381,0.009139034,0.000259241,0.339669522,0.006721376,0.
349.,0.124880371,0.510450497,0.008447683,0.000665669,0.009073838,0.000257397,0.33948805,0.006736494,0.
350.,0.12458321,0.511053793,0.008389996,0.000661021,0.009009485,0.000255578,0.339295411,0.006751506,0.
351.,0.124288881,0.511663551,0.008333135,0.000656436,0.008945974,0.000253783,0.339091827,0.006766413,0.
352.,0.123997339,0.512279596,0.008277097,0.000651915,0.008883308,0.000252012,0.338877517,0.006781216,0.
353.,0.12370854,0.512901753,0.00822188,0.000647457,0.008821487,0.000250266,0.338652701,0.006795917,0.
354.,0.12342244,0.513529849,0.008167481,0.000643063,0.008760509,0.000248543,0.338417597,0.006810518,0.
355.,0.123138996,0.514163713,0.008113898,0.000638732,0.008700375,0.000246845,0.33817242,0.00682502,0.
356.,0.122858165,0.514803177,0.008061128,0.000634465,0.008641083,0.000245172,0.337917386,0.006839424,0.
357.,0.122579905,0.515448072,0.008009168,0.00063026,0.008582633,0.000243522,0.33765271,0.006853731,0.
358.,0.122304173,0.516098233,0.007958013,0.000626118,0.008525022,0.000241896,0.337378602,0.006867944,0.
359.,0.122030928,0.516753493,0.00790766,0.000622038,0.008468248,0.000240294,0.337095274,0.006882064,0.
360.,0.121760129,0.517413692,0.007858106,0.000618021,0.008412311,0.000238717,0.336802934,0.006896091,0.
