.0000  .2663  .4636  .0007  .0001  .0012  .0001  .2661  .0019  .0000
1.0000  .2666  .4623  .0008  .0001  .0011  .0001  .2649  .0019  .0023
2.0000  .2669  .4609  .0008  .0001  .0011  .0001  .2637  .0019  .0045
3.0000  .2673  .4596  .0009  .0001  .0011  .0001  .2624  .0019  .0067
4.0000  .2676  .4584  .0009  .0001  .0010  .0000  .2611  .0019  .0089
5.0000  .2679  .4572  .0009  .0001  .0010  .0000  .2599  .0019  .0110
6.0000  .2682  .4561  .0010  .0001  .0010  .0000  .2586  .0019  .0131
7.0000  .2685  .4550  .0010  .0001  .0010  .0000  .2574  .0019  .0151
8.0000  .2688  .4539  .0010  .0001  .0010  .0000  .2561  .0019  .0172
9.0000  .2692  .4527  .0010  .0001  .0010  .0000  .2549  .0019  .0192
10.0000  .2695  .4516  .0010  .0001  .0010  .0000  .2537  .0019  .0212
11.0000  .2698  .4505  .0010  .0001  .0010  .0000  .2524  .0019  .0232
12.0000  .2701  .4494  .0010  .0001  .0010  .0000  .2512  .0019  .0252
13.0000  .2704  .4483  .0010  .0001  .0010  .0000  .2500  .0019  .0271
14.0000  .2707  .4472  .0010  .0001  .0010  .0000  .2488  .0019  .0291
15.0000  .2711  .4462  .0010  .0001  .0010  .0000  .2476  .0019  .0311
16.0000  .2714  .4451  .0010  .0001  .0010  .0000  .2464  .0019  .0330
17.0000  .2717  .4440  .0011  .0001  .0010  .0000  .2453  .0019  .0349
18.0000  .2720  .4429  .0011  .0001  .0011  .0000  .2441  .0019  .0368
19.0000  .2724  .4418  .0011  .0001  .0011  .0000  .2429  .0019  .0387
20.0000  .2727  .4407  .0011  .0001  .0011  .0000  .2418  .0019  .0406
21.0000  .2730  .4397  .0011  .0001  .0011  .0000  .2406  .0019  .0425
22.0000  .2733  .4386  .0011  .0001  .0011  .0000  .2395  .0019  .0444
23.0000  .2737  .4375  .0011  .0001  .0011  .0000  .2383  .0019  .0462
24.0000  .2740  .4365  .0011  .0001  .0011  .0000  .2372  .0019  .0481
25.0000  .2743  .4354  .0011  .0001  .0011  .0000  .2361  .0019  .0499
26.0000  .2747  .4343  .0011  .0001  .0011  .0000  .2350  .0019  .0517
27.0000  .2750  .4333  .0011  .0001  .0011  .0000  .2339  .0020  .0535
28.0000  .2753  .4322  .0012  .0001  .0011  .0000  .2328  .0020  .0553
29.0000  .2757  .4312  .0012  .0001  .0011  .0000  .2317  .0020  .0571
30.0000  .2760  .4301  .0012  .0001  .0011  .0000  .2306  .0020  .0589
31.0000  .2763  .4291  .0012  .0001  .0012  .0000  .2296  .0020  .0606
32.0000  .2767  .4280  .0012  .0001  .0012  .0000  .2285  .0020  .0624
33.0000  .2770  .4270  .0012  .0001  .0012  .0000  .2275  .0020  .0641
34.0000  .2773  .4259  .0012  .0001  .0012  .0000  .2264  .0020  .0658
35.0000  .2777  .4249  .0012  .0001  .0012  .0000  .2254  .0020  .0675
36.0000  .2780  .4238  .0012  .0001  .0012  .0000  .2243  .0020  .0692
37.0000  .2784  .4228  .0012  .0001  .0012  .0000  .2233  .0020  .0709
38.0000  .2787  .4218  .0013  .0001  .0012  .0000  .2223  .0020  .0726
39.0000  .2790  .4207  .0013  .0001  .0012  .0000  .2213  .0020  .0743
40.0000  .2794  .4197  .0013  .0001  .0013  .0000  .2203  .0020  .0760
41.0000  .2797  .4187  .0013  .0001  .0013  .0000  .2193  .0020  .0776
42.0000  .2801  .4177  .0013  .0001  .0013  .0000  .2183  .0020  .0792
43.0000  .2804  .4166  .0013  .0001  .0013  .0000  .2173  .0020  .0809
44.0000  .2808  .4156  .0013  .0001  .0013  .0000  .2164  .0020  .0825
45.0000  .2811  .4146  .0013  .0001  .0013  .0000  .2154  .0020  .0841
46.0000  .2815  .4136  .0014  .0001  .0013  .0000  .2145  .0020  .0857
47.0000  .2818  .4125  .0014  .0001  .0013  .0000  .2135  .0020  .0873
48.0000  .2822  .4115  .0014  .0001  .0013  .0000  .2126  .0020  .0889
49.0000  .2825  .4105  .0014  .0001  .0014  .0000  .2117  .0020  .0904
50.0000  .2829  .4095  .0014  .0001  .0014  .0000  .2107  .0020  .0920
51.0000  .2832  .4085  .0014  .0001  .0014  .0000  .2098  .0020  .0935
52.0000  .2836  .4075  .0014  .0001  .0014  .0000  .2089  .0020  .0950
53.0000  .2839  .4065  .0015  .0001  .0014  .0000  .2080  .0020  .0966
54.0000  .2843  .4055  .0015  .0001  .0014  .0000  .2071  .0020  .0981
55.0000  .2846  .4044  .0015  .0001  .0014  .0000  .2062  .0020  .0996
56.0000  .2850  .4034  .0015  .0001  .0015  .0000  .2054  .0020  .1011
57.0000  .2853  .4024  .0015  .0001  .0015  .0000  .2045  .0020  .1025
58.0000  .2857  .4014  .0015  .0001  .0015  .0000  .2036  .0020  .1040
59.0000  .2861  .4004  .0016  .0001  .0015  .0000  .2028  .0020  .1055
60.0000  .2864  .3994  .0016  .0001  .0015  .0000  .2019  .0020  .1069
61.0000  .2868  .3984  .0016  .0001  .0015  .0000  .2011  .0020  .1084
62.0000  .2871  .3974  .0016  .0001  .0016  .0000  .2003  .0020  .1098
63.0000  .2875  .3964  .0016  .0001  .0016  .0000  .1994  .0020  .1112
64.0000  .2878  .3954  .0017  .0001  .0016  .0000  .1986  .0020  .1126
65.0000  .2882  .3944  .0017  .0001  .0016  .0000  .1978  .0020  .1140
66.0000  .2886  .3934  .0017  .0001  .0016  .0000  .1970  .0020  .1154
67.0000  .2889  .3925  .0017  .0001  .0017  .0000  .1962  .0020  .1168
68.0000  .2893  .3915  .0017  .0001  .0017  .0000  .1955  .0020  .1182
69.0000  .2896  .3905  .0018  .0001  .0017  .0000  .1947  .0021  .1195
70.0000  .2900  .3895  .0018  .0001  .0017  .0000  .1939  .0021  .1209
71.0000  .2904  .3885  .0018  .0001  .0017  .0000  .1932  .0021  .1222
72.0000  .2907  .3875  .0018  .0001  .0018  .0001  .1924  .0021  .1235
73.0000  .2911  .3865  .0018  .0001  .0018  .0001  .1917  .0021  .1249
74.0000  .2914  .3855  .0019  .0001  .0018  .0001  .1909  .0021  .1262
75.0000  .2918  .3845  .0019  .0001  .0018  .0001  .1902  .0021  .1275
76.0000  .2922  .3836  .0019  .0001  .0018  .0001  .1895  .0021  .1287
77.0000  .2925  .3826  .0019  .0001  .0019  .0001  .1888  .0021  .1300
78.0000  .2929  .3816  .0020  .0001  .0019  .0001  .1881  .0021  .1313
79.0000  .2933  .3806  .0020  .0001  .0019  .0001  .1874  .0021  .1326
80.0000  .2936  .3796  .0020  .0001  .0019  .0001  .1867  .0021  .1338
81.0000  .2940  .3786  .0020  .0002  .0020  .0001  .1861  .0021  .1350
82.0000  .2943  .3776  .0021  .0002  .0020  .0001  .1854  .0021  .1363
83.0000  .2947  .3767  .0021  .0002  .0020  .0001  .1847  .0021  .1375
84.0000  .2951  .3757  .0021  .0002  .0020  .0001  .1841  .0021  .1387
85.0000  .2954  .3747  .0022  .0002  .0021  .0001  .1834  .0021  .1399
86.0000  .2958  .3737  .0022  .0002  .0021  .0001  .1828  .0021  .1411
87.0000  .2961  .3727  .0022  .0002  .0021  .0001  .1822  .0021  .1423
88.0000  .2965  .3718  .0022  .0002  .0021  .0001  .1816  .0021  .1434
89.0000  .2969  .3708  .0023  .0002  .0022  .0001  .1810  .0021  .1446
90.0000  .2972  .3698  .0023  .0002  .0022  .0001  .1804  .0021  .1457
91.0000  .2976  .3688  .0023  .0002  .0022  .0001  .1798  .0021  .1469
92.0000  .2980  .3679  .0024  .0002  .0023  .0001  .1792  .0021  .1480
93.0000  .2983  .3669  .0024  .0002  .0023  .0001  .1786  .0021  .1491
94.0000  .2987  .3659  .0024  .0002  .0023  .0001  .1781  .0021  .1502
95.0000  .2990  .3649  .0025  .0002  .0023  .0001  .1775  .0021  .1513
96.0000  .2994  .3639  .0025  .0002  .0024  .0001  .1770  .0021  .1524
97.0000  .2997  .3630  .0025  .0002  .0024  .0001  .1764  .0021  .1535
98.0000  .3001  .3620  .0026  .0002  .0024  .0001  .1759  .0022  .1546
99.0000  .3005  .3610  .0026  .0002  .0025  .0001  .1754  .0022  .1556
100.0000  .3008  .3600  .0026  .0002  .0025  .0001  .1749  .0022  .1567
101.0000  .3012  .3591  .0027  .0002  .0025  .0001  .1744  .0022  .1577
102.0000  .3015  .3581  .0027  .0002  .0026  .0001  .1739  .0022  .1588
103.0000  .3019  .3571  .0027  .0002  .0026  .0001  .1734  .0022  .1598
104.0000  .3022  .3561  .0028  .0002  .0026  .0001  .1729  .0022  .1608
105.0000  .3026  .3552  .0028  .0002  .0027  .0001  .1725  .0022  .1618
106.0000  .3029  .3542  .0029  .0002  .0027  .0001  .1720  .0022  .1628
107.0000  .3033  .3532  .0029  .0002  .0028  .0001  .1716  .0022  .1638
108.0000  .3036  .3523  .0029  .0002  .0028  .0001  .1711  .0022  .1647
109.0000  .3040  .3513  .0030  .0002  .0028  .0001  .1707  .0022  .1657
110.0000  .3043  .3503  .0030  .0002  .0029  .0001  .1703  .0022  .1666
111.0000  .3047  .3493  .0031  .0002  .0029  .0001  .1699  .0022  .1676
112.0000  .3050  .3484  .0031  .0002  .0030  .0001  .1695  .0022  .1685
113.0000  .3053  .3474  .0032  .0002  .0030  .0001  .1691  .0022  .1694
114.0000  .3057  .3464  .0032  .0002  .0030  .0001  .1688  .0022  .1703
115.0000  .3060  .3454  .0033  .0002  .0031  .0001  .1684  .0022  .1712
116.0000  .3063  .3445  .0033  .0002  .0031  .0001  .1680  .0022  .1721
117.0000  .3067  .3435  .0033  .0002  .0032  .0001  .1677  .0022  .1730
118.0000  .3070  .3425  .0034  .0002  .0032  .0001  .1674  .0023  .1739
119.0000  .3073  .3416  .0034  .0003  .0033  .0001  .1670  .0023  .1747
120.0000  .3077  .3406  .0035  .0003  .0033  .0001  .1667  .0023  .1756
121.0000  .3080  .3396  .0035  .0003  .0034  .0001  .1664  .0023  .1764
122.0000  .3083  .3387  .0036  .0003  .0034  .0001  .1661  .0023  .1772
123.0000  .3086  .3377  .0036  .0003  .0035  .0001  .1659  .0023  .1781
124.0000  .3090  .3367  .0037  .0003  .0035  .0001  .1656  .0023  .1789
125.0000  .3093  .3357  .0037  .0003  .0036  .0001  .1653  .0023  .1797
126.0000  .3096  .3348  .0038  .0003  .0036  .0001  .1651  .0023  .1804
127.0000  .3099  .3338  .0039  .0003  .0037  .0001  .1649  .0023  .1812
128.0000  .3102  .3328  .0039  .0003  .0037  .0001  .1646  .0023  .1820
129.0000  .3105  .3319  .0040  .0003  .0038  .0001  .1644  .0023  .1827
130.0000  .3108  .3309  .0040  .0003  .0038  .0001  .1642  .0023  .1835
131.0000  .3111  .3299  .0041  .0003  .0039  .0001  .1640  .0023  .1842
132.0000  .3114  .3290  .0041  .0003  .0039  .0001  .1638  .0023  .1849
133.0000  .3117  .3280  .0042  .0003  .0040  .0001  .1637  .0023  .1856
134.0000  .3120  .3270  .0043  .0003  .0040  .0001  .1635  .0024  .1863
135.0000  .3123  .3261  .0043  .0003  .0041  .0001  .1634  .0024  .1870
136.0000  .3126  .3251  .0044  .0003  .0042  .0001  .1632  .0024  .1877
137.0000  .3129  .3241  .0044  .0003  .0042  .0001  .1631  .0024  .1884
138.0000  .3132  .3232  .0045  .0003  .0043  .0001  .1630  .0024  .1890
139.0000  .3134  .3222  .0046  .0003  .0043  .0001  .1629  .0024  .1897
140.0000  .3137  .3213  .0046  .0003  .0044  .0001  .1628  .0024  .1903
141.0000  .3140  .3203  .0047  .0003  .0045  .0001  .1628  .0024  .1909
142.0000  .3142  .3193  .0048  .0004  .0045  .0001  .1627  .0024  .1915
143.0000  .3145  .3184  .0048  .0004  .0046  .0001  .1626  .0024  .1921
144.0000  .3148  .3174  .0049  .0004  .0047  .0001  .1626  .0024  .1927
145.0000  .3150  .3165  .0050  .0004  .0047  .0001  .1626  .0024  .1933
146.0000  .3153  .3155  .0050  .0004  .0048  .0001  .1626  .0024  .1939
147.0000  .3155  .3145  .0051  .0004  .0049  .0001  .1626  .0025  .1944
148.0000  .3157  .3136  .0052  .0004  .0049  .0001  .1626  .0025  .1950
149.0000  .3160  .3126  .0053  .0004  .0050  .0001  .1626  .0025  .1955
150.0000  .3162  .3117  .0053  .0004  .0051  .0001  .1627  .0025  .1960
151.0000  .3164  .3107  .0054  .0004  .0051  .0001  .1627  .0025  .1966
152.0000  .3166  .3098  .0055  .0004  .0052  .0002  .1628  .0025  .1971
153.0000  .3169  .3088  .0056  .0004  .0053  .0002  .1629  .0025  .1975
154.0000  .3171  .3079  .0056  .0004  .0053  .0002  .1630  .0025  .1980
155.0000  .3173  .3069  .0057  .0004  .0054  .0002  .1631  .0025  .1985
156.0000  .3175  .3060  .0058  .0004  .0055  .0002  .1632  .0025  .1989
157.0000  .3177  .3050  .0059  .0004  .0056  .0002  .1633  .0025  .1994
158.0000  .3179  .3041  .0059  .0004  .0056  .0002  .1635  .0026  .1998
159.0000  .3180  .3032  .0060  .0004  .0057  .0002  .1636  .0026  .2002
160.0000  .3182  .3022  .0061  .0005  .0058  .0002  .1638  .0026  .2006
161.0000  .3184  .3013  .0062  .0005  .0059  .0002  .1640  .0026  .2010
162.0000  .3186  .3004  .0063  .0005  .0060  .0002  .1642  .0026  .2014
163.0000  .3187  .2994  .0064  .0005  .0060  .0002  .1644  .0026  .2018
164.0000  .3189  .2985  .0064  .0005  .0061  .0002  .1647  .0026  .2022
165.0000  .3190  .2976  .0065  .0005  .0062  .0002  .1649  .0026  .2025
166.0000  .3192  .2966  .0066  .0005  .0063  .0002  .1652  .0026  .2028
167.0000  .3193  .2957  .0067  .0005  .0064  .0002  .1654  .0026  .2032
168.0000  .3194  .2948  .0068  .0005  .0065  .0002  .1657  .0027  .2035
169.0000  .3195  .2939  .0069  .0005  .0065  .0002  .1660  .0027  .2038
170.0000  .3196  .2930  .0070  .0005  .0066  .0002  .1663  .0027  .2041
171.0000  .3198  .2921  .0070  .0005  .0067  .0002  .1667  .0027  .2044
172.0000  .3199  .2911  .0071  .0005  .0068  .0002  .1670  .0027  .2046
173.0000  .3199  .2902  .0072  .0005  .0069  .0002  .1674  .0027  .2049
174.0000  .3200  .2893  .0073  .0005  .0070  .0002  .1678  .0027  .2051
175.0000  .3201  .2884  .0074  .0005  .0071  .0002  .1682  .0027  .2054
176.0000  .3202  .2875  .0075  .0006  .0072  .0002  .1686  .0028  .2056
177.0000  .3202  .2866  .0076  .0006  .0073  .0002  .1690  .0028  .2058
178.0000  .3203  .2858  .0077  .0006  .0073  .0002  .1694  .0028  .2060
179.0000  .3203  .2849  .0078  .0006  .0074  .0002  .1699  .0028  .2062
180.0000  .3204  .2840  .0079  .0006  .0075  .0002  .1703  .0028  .2063
181.0000  .3204  .2831  .0080  .0006  .0076  .0002  .1708  .0028  .2065
182.0000  .3204  .2822  .0080  .0006  .0077  .0002  .1713  .0028  .2066
183.0000  .3204  .2814  .0081  .0006  .0078  .0002  .1718  .0028  .2068
184.0000  .3204  .2805  .0082  .0006  .0079  .0002  .1723  .0029  .2069
185.0000  .3204  .2796  .0083  .0006  .0080  .0002  .1729  .0029  .2070
186.0000  .3204  .2788  .0084  .0006  .0081  .0002  .1734  .0029  .2071
187.0000  .3204  .2779  .0085  .0006  .0082  .0002  .1740  .0029  .2072
188.0000  .3204  .2771  .0086  .0006  .0083  .0002  .1746  .0029  .2073
189.0000  .3203  .2763  .0087  .0006  .0084  .0002  .1752  .0029  .2073
190.0000  .3203  .2754  .0088  .0007  .0085  .0002  .1758  .0029  .2074
191.0000  .3202  .2746  .0089  .0007  .0086  .0002  .1764  .0030  .2074
192.0000  .3202  .2738  .0090  .0007  .0087  .0002  .1771  .0030  .2075
193.0000  .3201  .2729  .0091  .0007  .0088  .0003  .1777  .0030  .2075
194.0000  .3200  .2721  .0092  .0007  .0089  .0003  .1784  .0030  .2075
195.0000  .3199  .2713  .0093  .0007  .0090  .0003  .1791  .0030  .2075
196.0000  .3198  .2705  .0094  .0007  .0091  .0003  .1798  .0030  .2075
197.0000  .3197  .2697  .0095  .0007  .0092  .0003  .1805  .0030  .2075
198.0000  .3196  .2690  .0096  .0007  .0093  .0003  .1812  .0031  .2074
199.0000  .3194  .2682  .0097  .0007  .0093  .0003  .1820  .0031  .2074
200.0000  .3193  .2674  .0097  .0007  .0094  .0003  .1827  .0031  .2073
201.0000  .3191  .2666  .0098  .0007  .0095  .0003  .1835  .0031  .2072
202.0000  .3190  .2659  .0099  .0007  .0096  .0003  .1843  .0031  .2071
203.0000  .3188  .2651  .0100  .0007  .0097  .0003  .1851  .0031  .2071
204.0000  .3186  .2644  .0101  .0008  .0098  .0003  .1859  .0032  .2070
205.0000  .3184  .2637  .0102  .0008  .0099  .0003  .1867  .0032  .2068
206.0000  .3182  .2629  .0103  .0008  .0100  .0003  .1876  .0032  .2067
207.0000  .3180  .2622  .0104  .0008  .0101  .0003  .1884  .0032  .2066
208.0000  .3178  .2615  .0105  .0008  .0102  .0003  .1893  .0032  .2064
209.0000  .3175  .2608  .0106  .0008  .0103  .0003  .1902  .0032  .2063
210.0000  .3173  .2601  .0107  .0008  .0104  .0003  .1911  .0033  .2061
211.0000  .3171  .2594  .0107  .0008  .0105  .0003  .1920  .0033  .2059
212.0000  .3168  .2587  .0108  .0008  .0106  .0003  .1929  .0033  .2057
213.0000  .3165  .2581  .0109  .0008  .0107  .0003  .1938  .0033  .2055
214.0000  .3162  .2574  .0110  .0008  .0108  .0003  .1948  .0033  .2053
215.0000  .3159  .2568  .0111  .0008  .0109  .0003  .1957  .0034  .2051
216.0000  .3156  .2561  .0112  .0008  .0110  .0003  .1967  .0034  .2049
217.0000  .3153  .2555  .0113  .0008  .0110  .0003  .1977  .0034  .2046
218.0000  .3150  .2549  .0113  .0009  .0111  .0003  .1986  .0034  .2044
219.0000  .3147  .2543  .0114  .0009  .0112  .0003  .1996  .0034  .2041
220.0000  .3143  .2537  .0115  .0009  .0113  .0003  .2007  .0035  .2039
221.0000  .3140  .2531  .0116  .0009  .0114  .0003  .2017  .0035  .2036
222.0000  .3136  .2526  .0116  .0009  .0115  .0003  .2027  .0035  .2033
223.0000  .3132  .2520  .0117  .0009  .0116  .0003  .2037  .0035  .2030
224.0000  .3129  .2514  .0118  .0009  .0116  .0003  .2048  .0035  .2027
225.0000  .3125  .2509  .0119  .0009  .0117  .0003  .2059  .0036  .2024
226.0000  .3121  .2504  .0119  .0009  .0118  .0003  .2069  .0036  .2021
227.0000  .3116  .2499  .0120  .0009  .0119  .0003  .2080  .0036  .2017
228.0000  .3112  .2494  .0121  .0009  .0120  .0003  .2091  .0036  .2014
229.0000  .3108  .2489  .0121  .0009  .0120  .0003  .2102  .0036  .2011
230.0000  .3104  .2484  .0122  .0009  .0121  .0003  .2113  .0037  .2007
231.0000  .3099  .2480  .0123  .0009  .0122  .0003  .2124  .0037  .2004
232.0000  .3095  .2475  .0123  .0009  .0122  .0004  .2135  .0037  .2000
233.0000  .3090  .2471  .0124  .0009  .0123  .0004  .2146  .0037  .1996
234.0000  .3085  .2466  .0124  .0009  .0124  .0004  .2158  .0037  .1992
235.0000  .3080  .2462  .0125  .0009  .0125  .0004  .2169  .0038  .1988
236.0000  .3075  .2458  .0125  .0010  .0125  .0004  .2181  .0038  .1984
237.0000  .3070  .2454  .0126  .0010  .0126  .0004  .2192  .0038  .1980
238.0000  .3065  .2451  .0126  .0010  .0126  .0004  .2204  .0038  .1976
239.0000  .3060  .2447  .0127  .0010  .0127  .0004  .2215  .0038  .1972
240.0000  .3055  .2444  .0127  .0010  .0128  .0004  .2227  .0039  .1968
241.0000  .3049  .2441  .0128  .0010  .0128  .0004  .2239  .0039  .1963
242.0000  .3044  .2437  .0128  .0010  .0129  .0004  .2250  .0039  .1959
243.0000  .3038  .2434  .0129  .0010  .0129  .0004  .2262  .0039  .1955
244.0000  .3033  .2431  .0129  .0010  .0130  .0004  .2274  .0040  .1950
245.0000  .3027  .2429  .0129  .0010  .0130  .0004  .2286  .0040  .1946
246.0000  .3021  .2426  .0130  .0010  .0131  .0004  .2298  .0040  .1941
247.0000  .3015  .2424  .0130  .0010  .0131  .0004  .2310  .0040  .1936
248.0000  .3009  .2421  .0130  .0010  .0132  .0004  .2321  .0040  .1932
249.0000  .3003  .2420  .0131  .0010  .0132  .0004  .2333  .0041  .1927
250.0000  .2997  .2418  .0131  .0010  .0132  .0004  .2345  .0041  .1922
251.0000  .2991  .2416  .0131  .0010  .0133  .0004  .2357  .0041  .1917
252.0000  .2985  .2414  .0131  .0010  .0133  .0004  .2369  .0041  .1912
253.0000  .2978  .2413  .0132  .0010  .0133  .0004  .2381  .0042  .1907
254.0000  .2972  .2411  .0132  .0010  .0134  .0004  .2393  .0042  .1902
255.0000  .2966  .2410  .0132  .0010  .0134  .0004  .2405  .0042  .1897
256.0000  .2959  .2409  .0132  .0010  .0134  .0004  .2417  .0042  .1892
257.0000  .2953  .2408  .0132  .0010  .0135  .0004  .2429  .0042  .1887
258.0000  .2946  .2408  .0132  .0010  .0135  .0004  .2440  .0043  .1882
259.0000  .2939  .2407  .0132  .0010  .0135  .0004  .2452  .0043  .1877
260.0000  .2933  .2407  .0133  .0010  .0135  .0004  .2464  .0043  .1872
261.0000  .2926  .2407  .0133  .0010  .0135  .0004  .2476  .0043  .1866
262.0000  .2919  .2407  .0133  .0010  .0136  .0004  .2487  .0044  .1861
263.0000  .2912  .2407  .0133  .0010  .0136  .0004  .2499  .0044  .1856
264.0000  .2906  .2407  .0133  .0010  .0136  .0004  .2511  .0044  .1850
265.0000  .2898  .2407  .0133  .0010  .0136  .0004  .2522  .0044  .1845
266.0000  .2891  .2408  .0133  .0010  .0136  .0004  .2534  .0045  .1840
267.0000  .2884  .2409  .0132  .0010  .0136  .0004  .2545  .0045  .1834
268.0000  .2877  .2410  .0132  .0010  .0136  .0004  .2557  .0045  .1829
269.0000  .2870  .2411  .0132  .0010  .0136  .0004  .2568  .0045  .1823
270.0000  .2863  .2412  .0132  .0010  .0136  .0004  .2579  .0045  .1818
271.0000  .2856  .2414  .0132  .0010  .0136  .0004  .2591  .0046  .1812
272.0000  .2849  .2415  .0132  .0010  .0136  .0004  .2602  .0046  .1807
273.0000  .2841  .2417  .0132  .0010  .0136  .0004  .2613  .0046  .1801
274.0000  .2834  .2419  .0131  .0010  .0136  .0004  .2624  .0046  .1795
275.0000  .2827  .2421  .0131  .0010  .0136  .0004  .2635  .0047  .1790
276.0000  .2820  .2423  .0131  .0010  .0136  .0004  .2646  .0047  .1784
277.0000  .2812  .2426  .0131  .0010  .0135  .0004  .2656  .0047  .1779
278.0000  .2805  .2428  .0130  .0010  .0135  .0004  .2667  .0047  .1773
279.0000  .2797  .2431  .0130  .0010  .0135  .0004  .2678  .0048  .1767
280.0000  .2790  .2434  .0130  .0010  .0135  .0004  .2688  .0048  .1762
281.0000  .2782  .2437  .0130  .0010  .0135  .0004  .2699  .0048  .1756
282.0000  .2775  .2440  .0129  .0010  .0134  .0004  .2709  .0048  .1750
283.0000  .2767  .2444  .0129  .0010  .0134  .0004  .2719  .0048  .1745
284.0000  .2760  .2447  .0129  .0010  .0134  .0004  .2729  .0049  .1739
285.0000  .2752  .2451  .0128  .0010  .0134  .0004  .2739  .0049  .1733
286.0000  .2745  .2455  .0128  .0010  .0133  .0004  .2749  .0049  .1727
287.0000  .2737  .2459  .0127  .0010  .0133  .0004  .2759  .0049  .1722
288.0000  .2730  .2463  .0127  .0010  .0133  .0004  .2768  .0050  .1716
289.0000  .2722  .2467  .0127  .0010  .0132  .0004  .2778  .0050  .1710
290.0000  .2715  .2472  .0126  .0010  .0132  .0004  .2787  .0050  .1704
291.0000  .2707  .2477  .0126  .0010  .0132  .0004  .2796  .0050  .1699
292.0000  .2700  .2481  .0125  .0010  .0131  .0004  .2806  .0050  .1693
293.0000  .2692  .2487  .0125  .0010  .0131  .0004  .2815  .0051  .1687
294.0000  .2684  .2492  .0124  .0010  .0130  .0004  .2824  .0051  .1681
295.0000  .2677  .2497  .0124  .0010  .0130  .0004  .2832  .0051  .1675
296.0000  .2669  .2502  .0123  .0010  .0130  .0004  .2841  .0051  .1670
297.0000  .2662  .2508  .0123  .0010  .0129  .0004  .2849  .0052  .1664
298.0000  .2654  .2514  .0122  .0010  .0129  .0004  .2858  .0052  .1658
299.0000  .2647  .2520  .0122  .0010  .0128  .0004  .2866  .0052  .1652
300.0000  .2639  .2526  .0121  .0009  .0128  .0004  .2874  .0052  .1647
301.0000  .2632  .2532  .0121  .0009  .0127  .0004  .2882  .0052  .1641
302.0000  .2624  .2538  .0120  .0009  .0127  .0004  .2890  .0053  .1635
303.0000  .2617  .2545  .0120  .0009  .0126  .0004  .2898  .0053  .1629
304.0000  .2609  .2551  .0119  .0009  .0126  .0004  .2905  .0053  .1623
305.0000  .2602  .2558  .0119  .0009  .0125  .0004  .2913  .0053  .1617
306.0000  .2594  .2565  .0118  .0009  .0125  .0004  .2920  .0053  .1612
307.0000  .2587  .2572  .0118  .0009  .0124  .0004  .2927  .0054  .1606
308.0000  .2580  .2579  .0117  .0009  .0124  .0004  .2934  .0054  .1600
309.0000  .2572  .2586  .0116  .0009  .0123  .0004  .2941  .0054  .1594
310.0000  .2565  .2594  .0116  .0009  .0123  .0003  .2948  .0054  .1589
311.0000  .2557  .2601  .0115  .0009  .0122  .0003  .2954  .0054  .1583
312.0000  .2550  .2609  .0115  .0009  .0121  .0003  .2961  .0055  .1577
313.0000  .2543  .2617  .0114  .0009  .0121  .0003  .2967  .0055  .1571
314.0000  .2535  .2625  .0114  .0009  .0120  .0003  .2973  .0055  .1565
315.0000  .2528  .2633  .0113  .0009  .0120  .0003  .2979  .0055  .1560
316.0000  .2521  .2641  .0112  .0009  .0119  .0003  .2985  .0055  .1554
317.0000  .2514  .2649  .0112  .0009  .0118  .0003  .2991  .0056  .1548
318.0000  .2506  .2658  .0111  .0009  .0118  .0003  .2996  .0056  .1542
319.0000  .2499  .2666  .0111  .0009  .0117  .0003  .3002  .0056  .1537
320.0000  .2492  .2675  .0110  .0009  .0117  .0003  .3007  .0056  .1531
321.0000  .2485  .2684  .0109  .0009  .0116  .0003  .3012  .0056  .1525
322.0000  .2478  .2693  .0109  .0009  .0116  .0003  .3017  .0057  .1519
323.0000  .2471  .2702  .0108  .0008  .0115  .0003  .3022  .0057  .1514
324.0000  .2464  .2711  .0108  .0008  .0114  .0003  .3027  .0057  .1508
325.0000  .2457  .2720  .0107  .0008  .0114  .0003  .3031  .0057  .1502
326.0000  .2450  .2729  .0106  .0008  .0113  .0003  .3036  .0057  .1497
327.0000  .2443  .2739  .0106  .0008  .0112  .0003  .3040  .0058  .1491
328.0000  .2436  .2748  .0105  .0008  .0112  .0003  .3044  .0058  .1485
329.0000  .2429  .2758  .0105  .0008  .0111  .0003  .3048  .0058  .1479
330.0000  .2423  .2767  .0104  .0008  .0111  .0003  .3052  .0058  .1474
331.0000  .2416  .2777  .0103  .0008  .0110  .0003  .3056  .0058  .1468
332.0000  .2409  .2787  .0103  .0008  .0109  .0003  .3059  .0059  .1463
333.0000  .2402  .2797  .0102  .0008  .0109  .0003  .3063  .0059  .1457
334.0000  .2396  .2807  .0102  .0008  .0108  .0003  .3066  .0059  .1451
335.0000  .2389  .2817  .0101  .0008  .0108  .0003  .3069  .0059  .1446
336.0000  .2383  .2827  .0100  .0008  .0107  .0003  .3072  .0059  .1440
337.0000  .2376  .2838  .0100  .0008  .0106  .0003  .3075  .0059  .1434
338.0000  .2369  .2848  .0099  .0008  .0106  .0003  .3078  .0060  .1429
339.0000  .2363  .2858  .0099  .0008  .0105  .0003  .3081  .0060  .1423
340.0000  .2357  .2869  .0098  .0008  .0105  .0003  .3083  .0060  .1418
341.0000  .2350  .2879  .0098  .0008  .0104  .0003  .3086  .0060  .1412
342.0000  .2344  .2890  .0097  .0008  .0103  .0003  .3088  .0060  .1407
343.0000  .2338  .2901  .0096  .0008  .0103  .0003  .3090  .0060  .1401
344.0000  .2331  .2911  .0096  .0008  .0102  .0003  .3092  .0061  .1396
345.0000  .2325  .2922  .0095  .0007  .0102  .0003  .3094  .0061  .1391
346.0000  .2319  .2933  .0095  .0007  .0101  .0003  .3096  .0061  .1385
347.0000  .2313  .2944  .0094  .0007  .0100  .0003  .3098  .0061  .1380
348.0000  .2307  .2955  .0094  .0007  .0100  .0003  .3099  .0061  .1374
349.0000  .2301  .2966  .0093  .0007  .0099  .0003  .3101  .0061  .1369
350.0000  .2295  .2977  .0093  .0007  .0099  .0003  .3102  .0062  .1364
351.0000  .2289  .2988  .0092  .0007  .0098  .0003  .3103  .0062  .1359
352.0000  .2283  .2999  .0092  .0007  .0098  .0003  .3104  .0062  .1353
353.0000  .2277  .3010  .0091  .0007  .0097  .0003  .3105  .0062  .1348
354.0000  .2271  .3021  .0091  .0007  .0096  .0003  .3106  .0062  .1343
355.0000  .2265  .3032  .0090  .0007  .0096  .0003  .3107  .0062  .1338
356.0000  .2259  .3043  .0090  .0007  .0095  .0003  .3108  .0063  .1333
357.0000  .2254  .3054  .0089  .0007  .0095  .0003  .3108  .0063  .1328
358.0000  .2248  .3065  .0089  .0007  .0094  .0003  .3109  .0063  .1323
359.0000  .2242  .3076  .0088  .0007  .0094  .0003  .3109  .0063  .1318
360.0000  .2237  .3088  .0088  .0007  .0093  .0003  .3109  .0063  .1313
