.0000  .2663  .4636  .0007  .0001  .0012  .0001  .2661  .0019  .0000
1.0000  .2662  .4647  .0008  .0001  .0011  .0001  .2649  .0019  .0003
2.0000  .2661  .4657  .0008  .0001  .0011  .0001  .2637  .0019  .0006
3.0000  .2660  .4668  .0009  .0001  .0011  .0001  .2624  .0019  .0008
4.0000  .2659  .4678  .0009  .0001  .0010  .0000  .2611  .0019  .0011
5.0000  .2659  .4689  .0009  .0001  .0010  .0000  .2599  .0019  .0014
6.0000  .2658  .4699  .0010  .0001  .0010  .0000  .2586  .0019  .0017
7.0000  .2657  .4709  .0010  .0001  .0010  .0000  .2574  .0019  .0020
8.0000  .2656  .4720  .0010  .0001  .0010  .0000  .2561  .0019  .0023
9.0000  .2656  .4730  .0010  .0001  .0010  .0000  .2549  .0019  .0025
10.0000  .2655  .4740  .0010  .0001  .0010  .0000  .2537  .0019  .0028
11.0000  .2654  .4750  .0010  .0001  .0010  .0000  .2524  .0019  .0031
12.0000  .2653  .4760  .0010  .0001  .0010  .0000  .2512  .0019  .0034
13.0000  .2653  .4770  .0010  .0001  .0010  .0000  .2500  .0019  .0037
14.0000  .2652  .4779  .0010  .0001  .0010  .0000  .2488  .0019  .0039
15.0000  .2651  .4789  .0010  .0001  .0010  .0000  .2476  .0019  .0042
16.0000  .2650  .4799  .0011  .0001  .0010  .0000  .2464  .0019  .0045
17.0000  .2650  .4808  .0011  .0001  .0011  .0000  .2453  .0019  .0048
18.0000  .2649  .4818  .0011  .0001  .0011  .0000  .2441  .0019  .0051
19.0000  .2648  .4827  .0011  .0001  .0011  .0000  .2429  .0019  .0053
20.0000  .2647  .4837  .0011  .0001  .0011  .0000  .2418  .0019  .0056
21.0000  .2647  .4846  .0011  .0001  .0011  .0000  .2406  .0019  .0059
22.0000  .2646  .4855  .0011  .0001  .0011  .0000  .2395  .0019  .0062
23.0000  .2645  .4864  .0011  .0001  .0011  .0000  .2384  .0019  .0065
24.0000  .2644  .4873  .0011  .0001  .0011  .0000  .2372  .0019  .0067
25.0000  .2643  .4882  .0011  .0001  .0011  .0000  .2361  .0019  .0070
26.0000  .2643  .4891  .0011  .0001  .0011  .0000  .2350  .0019  .0073
27.0000  .2642  .4900  .0012  .0001  .0011  .0000  .2339  .0020  .0076
28.0000  .2641  .4909  .0012  .0001  .0011  .0000  .2328  .0020  .0078
29.0000  .2640  .4917  .0012  .0001  .0012  .0000  .2317  .0020  .0081
30.0000  .2639  .4926  .0012  .0001  .0012  .0000  .2307  .0020  .0084
31.0000  .2638  .4934  .0012  .0001  .0012  .0000  .2296  .0020  .0087
32.0000  .2638  .4943  .0012  .0001  .0012  .0000  .2285  .0020  .0089
33.0000  .2637  .4951  .0012  .0001  .0012  .0000  .2275  .0020  .0092
34.0000  .2636  .4960  .0012  .0001  .0012  .0000  .2264  .0020  .0095
35.0000  .2635  .4968  .0012  .0001  .0012  .0000  .2254  .0020  .0098
36.0000  .2634  .4976  .0013  .0001  .0012  .0000  .2244  .0020  .0100
37.0000  .2633  .4984  .0013  .0001  .0012  .0000  .2234  .0020  .0103
38.0000  .2632  .4992  .0013  .0001  .0012  .0000  .2223  .0020  .0106
39.0000  .2631  .5000  .0013  .0001  .0013  .0000  .2213  .0020  .0108
40.0000  .2631  .5008  .0013  .0001  .0013  .0000  .2203  .0020  .0111
41.0000  .2630  .5016  .0013  .0001  .0013  .0000  .2194  .0020  .0114
42.0000  .2629  .5023  .0013  .0001  .0013  .0000  .2184  .0020  .0117
43.0000  .2628  .5031  .0014  .0001  .0013  .0000  .2174  .0020  .0119
44.0000  .2627  .5038  .0014  .0001  .0013  .0000  .2164  .0020  .0122
45.0000  .2626  .5046  .0014  .0001  .0013  .0000  .2155  .0020  .0125
46.0000  .2625  .5053  .0014  .0001  .0014  .0000  .2145  .0020  .0127
47.0000  .2624  .5061  .0014  .0001  .0014  .0000  .2136  .0020  .0130
48.0000  .2623  .5068  .0014  .0001  .0014  .0000  .2127  .0020  .0133
49.0000  .2622  .5075  .0014  .0001  .0014  .0000  .2117  .0020  .0135
50.0000  .2621  .5082  .0015  .0001  .0014  .0000  .2108  .0020  .0138
51.0000  .2620  .5089  .0015  .0001  .0014  .0000  .2099  .0020  .0141
52.0000  .2619  .5096  .0015  .0001  .0014  .0000  .2090  .0020  .0143
53.0000  .2618  .5103  .0015  .0001  .0015  .0000  .2081  .0020  .0146
54.0000  .2617  .5110  .0015  .0001  .0015  .0000  .2072  .0020  .0149
55.0000  .2616  .5117  .0016  .0001  .0015  .0000  .2064  .0020  .0151
56.0000  .2615  .5124  .0016  .0001  .0015  .0000  .2055  .0020  .0154
57.0000  .2614  .5130  .0016  .0001  .0015  .0000  .2046  .0020  .0157
58.0000  .2613  .5137  .0016  .0001  .0016  .0000  .2038  .0020  .0159
59.0000  .2611  .5143  .0016  .0001  .0016  .0000  .2030  .0020  .0162
60.0000  .2610  .5150  .0017  .0001  .0016  .0000  .2021  .0020  .0165
61.0000  .2609  .5156  .0017  .0001  .0016  .0000  .2013  .0020  .0167
62.0000  .2608  .5162  .0017  .0001  .0016  .0000  .2005  .0020  .0170
63.0000  .2607  .5168  .0017  .0001  .0016  .0000  .1997  .0020  .0172
64.0000  .2606  .5174  .0017  .0001  .0017  .0000  .1989  .0020  .0175
65.0000  .2604  .5180  .0018  .0001  .0017  .0000  .1981  .0020  .0178
66.0000  .2603  .5186  .0018  .0001  .0017  .0000  .1973  .0020  .0180
67.0000  .2602  .5192  .0018  .0001  .0017  .0000  .1965  .0020  .0183
68.0000  .2601  .5198  .0018  .0001  .0018  .0001  .1957  .0021  .0185
69.0000  .2600  .5204  .0019  .0001  .0018  .0001  .1950  .0021  .0188
70.0000  .2598  .5209  .0019  .0001  .0018  .0001  .1942  .0021  .0190
71.0000  .2597  .5215  .0019  .0001  .0018  .0001  .1935  .0021  .0193
72.0000  .2596  .5220  .0019  .0001  .0019  .0001  .1928  .0021  .0196
73.0000  .2594  .5226  .0020  .0001  .0019  .0001  .1920  .0021  .0198
74.0000  .2593  .5231  .0020  .0001  .0019  .0001  .1913  .0021  .0201
75.0000  .2592  .5237  .0020  .0001  .0019  .0001  .1906  .0021  .0203
76.0000  .2590  .5242  .0021  .0002  .0020  .0001  .1899  .0021  .0206
77.0000  .2589  .5247  .0021  .0002  .0020  .0001  .1892  .0021  .0208
78.0000  .2588  .5252  .0021  .0002  .0020  .0001  .1886  .0021  .0211
79.0000  .2586  .5257  .0021  .0002  .0020  .0001  .1879  .0021  .0213
80.0000  .2585  .5262  .0022  .0002  .0021  .0001  .1872  .0021  .0216
81.0000  .2583  .5267  .0022  .0002  .0021  .0001  .1866  .0021  .0218
82.0000  .2582  .5271  .0022  .0002  .0021  .0001  .1859  .0021  .0221
83.0000  .2580  .5276  .0023  .0002  .0022  .0001  .1853  .0021  .0223
84.0000  .2579  .5280  .0023  .0002  .0022  .0001  .1847  .0021  .0226
85.0000  .2577  .5285  .0023  .0002  .0022  .0001  .1841  .0021  .0228
86.0000  .2576  .5289  .0024  .0002  .0022  .0001  .1835  .0021  .0231
87.0000  .2574  .5294  .0024  .0002  .0023  .0001  .1829  .0021  .0233
88.0000  .2573  .5298  .0024  .0002  .0023  .0001  .1823  .0021  .0236
89.0000  .2571  .5302  .0025  .0002  .0023  .0001  .1817  .0021  .0238
90.0000  .2569  .5306  .0025  .0002  .0024  .0001  .1811  .0021  .0240
91.0000  .2568  .5310  .0026  .0002  .0024  .0001  .1806  .0021  .0243
92.0000  .2566  .5314  .0026  .0002  .0025  .0001  .1800  .0021  .0245
93.0000  .2564  .5318  .0026  .0002  .0025  .0001  .1795  .0021  .0248
94.0000  .2562  .5322  .0027  .0002  .0025  .0001  .1790  .0021  .0250
95.0000  .2561  .5325  .0027  .0002  .0026  .0001  .1784  .0022  .0252
96.0000  .2559  .5329  .0028  .0002  .0026  .0001  .1779  .0022  .0255
97.0000  .2557  .5332  .0028  .0002  .0026  .0001  .1774  .0022  .0257
98.0000  .2555  .5336  .0028  .0002  .0027  .0001  .1770  .0022  .0259
99.0000  .2553  .5339  .0029  .0002  .0027  .0001  .1765  .0022  .0262
100.0000  .2552  .5342  .0029  .0002  .0028  .0001  .1760  .0022  .0264
101.0000  .2550  .5346  .0030  .0002  .0028  .0001  .1756  .0022  .0267
102.0000  .2548  .5349  .0030  .0002  .0029  .0001  .1751  .0022  .0269
103.0000  .2546  .5352  .0031  .0002  .0029  .0001  .1747  .0022  .0271
104.0000  .2544  .5355  .0031  .0002  .0029  .0001  .1743  .0022  .0273
105.0000  .2542  .5357  .0032  .0002  .0030  .0001  .1738  .0022  .0276
106.0000  .2540  .5360  .0032  .0002  .0030  .0001  .1734  .0022  .0278
107.0000  .2538  .5363  .0033  .0002  .0031  .0001  .1731  .0022  .0280
108.0000  .2535  .5365  .0033  .0002  .0031  .0001  .1727  .0022  .0283
109.0000  .2533  .5368  .0034  .0002  .0032  .0001  .1723  .0022  .0285
110.0000  .2531  .5370  .0034  .0003  .0032  .0001  .1719  .0022  .0287
111.0000  .2529  .5372  .0035  .0003  .0033  .0001  .1716  .0022  .0289
112.0000  .2527  .5374  .0035  .0003  .0033  .0001  .1713  .0022  .0292
113.0000  .2524  .5377  .0036  .0003  .0034  .0001  .1709  .0022  .0294
114.0000  .2522  .5379  .0037  .0003  .0034  .0001  .1706  .0022  .0296
115.0000  .2520  .5380  .0037  .0003  .0035  .0001  .1703  .0023  .0298
116.0000  .2517  .5382  .0038  .0003  .0035  .0001  .1701  .0023  .0300
117.0000  .2515  .5384  .0038  .0003  .0036  .0001  .1698  .0023  .0302
118.0000  .2512  .5385  .0039  .0003  .0037  .0001  .1695  .0023  .0305
119.0000  .2510  .5387  .0040  .0003  .0037  .0001  .1693  .0023  .0307
120.0000  .2507  .5388  .0040  .0003  .0038  .0001  .1690  .0023  .0309
121.0000  .2505  .5390  .0041  .0003  .0038  .0001  .1688  .0023  .0311
122.0000  .2502  .5391  .0042  .0003  .0039  .0001  .1686  .0023  .0313
123.0000  .2500  .5392  .0042  .0003  .0040  .0001  .1684  .0023  .0315
124.0000  .2497  .5393  .0043  .0003  .0040  .0001  .1682  .0023  .0317
125.0000  .2494  .5394  .0044  .0003  .0041  .0001  .1681  .0023  .0319
126.0000  .2491  .5395  .0044  .0003  .0042  .0001  .1679  .0023  .0321
127.0000  .2489  .5395  .0045  .0003  .0042  .0001  .1677  .0023  .0324
128.0000  .2486  .5396  .0046  .0003  .0043  .0001  .1676  .0023  .0326
129.0000  .2483  .5396  .0046  .0003  .0044  .0001  .1675  .0024  .0328
130.0000  .2480  .5397  .0047  .0003  .0044  .0001  .1674  .0024  .0330
131.0000  .2477  .5397  .0048  .0004  .0045  .0001  .1673  .0024  .0332
132.0000  .2474  .5397  .0049  .0004  .0046  .0001  .1672  .0024  .0334
133.0000  .2471  .5397  .0050  .0004  .0047  .0001  .1672  .0024  .0336
134.0000  .2468  .5397  .0050  .0004  .0047  .0001  .1671  .0024  .0337
135.0000  .2465  .5397  .0051  .0004  .0048  .0001  .1671  .0024  .0339
136.0000  .2461  .5397  .0052  .0004  .0049  .0001  .1671  .0024  .0341
137.0000  .2458  .5396  .0053  .0004  .0050  .0001  .1671  .0024  .0343
138.0000  .2455  .5396  .0054  .0004  .0050  .0001  .1671  .0024  .0345
139.0000  .2452  .5395  .0054  .0004  .0051  .0001  .1671  .0024  .0347
140.0000  .2448  .5394  .0055  .0004  .0052  .0002  .1671  .0024  .0349
141.0000  .2445  .5393  .0056  .0004  .0053  .0002  .1672  .0025  .0351
142.0000  .2441  .5392  .0057  .0004  .0054  .0002  .1673  .0025  .0353
143.0000  .2438  .5391  .0058  .0004  .0054  .0002  .1674  .0025  .0354
144.0000  .2434  .5390  .0059  .0004  .0055  .0002  .1675  .0025  .0356
145.0000  .2431  .5389  .0060  .0004  .0056  .0002  .1676  .0025  .0358
146.0000  .2427  .5387  .0061  .0004  .0057  .0002  .1677  .0025  .0360
147.0000  .2423  .5386  .0062  .0005  .0058  .0002  .1679  .0025  .0362
148.0000  .2419  .5384  .0063  .0005  .0059  .0002  .1680  .0025  .0363
149.0000  .2416  .5382  .0064  .0005  .0060  .0002  .1682  .0025  .0365
150.0000  .2412  .5380  .0065  .0005  .0061  .0002  .1684  .0025  .0367
151.0000  .2408  .5378  .0066  .0005  .0062  .0002  .1686  .0026  .0368
152.0000  .2404  .5376  .0067  .0005  .0063  .0002  .1689  .0026  .0370
153.0000  .2400  .5374  .0068  .0005  .0064  .0002  .1691  .0026  .0372
154.0000  .2395  .5371  .0069  .0005  .0065  .0002  .1694  .0026  .0373
155.0000  .2391  .5369  .0070  .0005  .0066  .0002  .1697  .0026  .0375
156.0000  .2387  .5366  .0071  .0005  .0067  .0002  .1700  .0026  .0377
157.0000  .2383  .5363  .0072  .0005  .0068  .0002  .1703  .0026  .0378
158.0000  .2378  .5361  .0073  .0005  .0069  .0002  .1706  .0026  .0380
159.0000  .2374  .5357  .0074  .0005  .0070  .0002  .1710  .0026  .0381
160.0000  .2370  .5354  .0075  .0006  .0071  .0002  .1714  .0027  .0383
161.0000  .2365  .5351  .0076  .0006  .0072  .0002  .1717  .0027  .0384
162.0000  .2361  .5348  .0077  .0006  .0073  .0002  .1722  .0027  .0386
163.0000  .2356  .5344  .0078  .0006  .0074  .0002  .1726  .0027  .0387
164.0000  .2351  .5340  .0079  .0006  .0075  .0002  .1730  .0027  .0389
165.0000  .2346  .5337  .0080  .0006  .0076  .0002  .1735  .0027  .0390
166.0000  .2342  .5333  .0082  .0006  .0077  .0002  .1740  .0027  .0391
167.0000  .2337  .5329  .0083  .0006  .0078  .0002  .1745  .0027  .0393
168.0000  .2332  .5325  .0084  .0006  .0079  .0002  .1750  .0028  .0394
169.0000  .2327  .5320  .0085  .0006  .0081  .0002  .1755  .0028  .0396
170.0000  .2322  .5316  .0086  .0006  .0082  .0002  .1761  .0028  .0397
171.0000  .2317  .5311  .0087  .0006  .0083  .0002  .1766  .0028  .0398
172.0000  .2312  .5307  .0089  .0007  .0084  .0002  .1772  .0028  .0399
173.0000  .2306  .5302  .0090  .0007  .0085  .0002  .1778  .0028  .0401
174.0000  .2301  .5297  .0091  .0007  .0086  .0002  .1785  .0028  .0402
175.0000  .2296  .5292  .0092  .0007  .0088  .0003  .1791  .0029  .0403
176.0000  .2290  .5287  .0093  .0007  .0089  .0003  .1798  .0029  .0404
177.0000  .2285  .5282  .0095  .0007  .0090  .0003  .1805  .0029  .0406
178.0000  .2279  .5276  .0096  .0007  .0091  .0003  .1812  .0029  .0407
179.0000  .2274  .5271  .0097  .0007  .0092  .0003  .1819  .0029  .0408
180.0000  .2268  .5265  .0098  .0007  .0094  .0003  .1826  .0029  .0409
181.0000  .2262  .5260  .0099  .0007  .0095  .0003  .1834  .0030  .0410
182.0000  .2257  .5254  .0101  .0007  .0096  .0003  .1842  .0030  .0411
183.0000  .2251  .5248  .0102  .0008  .0097  .0003  .1850  .0030  .0412
184.0000  .2245  .5242  .0103  .0008  .0099  .0003  .1858  .0030  .0413
185.0000  .2239  .5236  .0104  .0008  .0100  .0003  .1866  .0030  .0414
186.0000  .2233  .5229  .0105  .0008  .0101  .0003  .1875  .0030  .0415
187.0000  .2227  .5223  .0107  .0008  .0102  .0003  .1884  .0031  .0416
188.0000  .2221  .5216  .0108  .0008  .0104  .0003  .1893  .0031  .0417
189.0000  .2215  .5210  .0109  .0008  .0105  .0003  .1902  .0031  .0418
190.0000  .2209  .5203  .0110  .0008  .0106  .0003  .1911  .0031  .0419
191.0000  .2202  .5196  .0111  .0008  .0107  .0003  .1920  .0031  .0420
192.0000  .2196  .5189  .0113  .0008  .0108  .0003  .1930  .0031  .0421
193.0000  .2190  .5182  .0114  .0008  .0110  .0003  .1940  .0032  .0421
194.0000  .2183  .5175  .0115  .0009  .0111  .0003  .1950  .0032  .0422
195.0000  .2177  .5168  .0116  .0009  .0112  .0003  .1960  .0032  .0423
196.0000  .2170  .5161  .0117  .0009  .0113  .0003  .1970  .0032  .0424
197.0000  .2163  .5153  .0119  .0009  .0115  .0003  .1981  .0032  .0424
198.0000  .2157  .5146  .0120  .0009  .0116  .0003  .1992  .0033  .0425
199.0000  .2150  .5138  .0121  .0009  .0117  .0003  .2002  .0033  .0426
200.0000  .2143  .5131  .0122  .0009  .0118  .0003  .2014  .0033  .0427
201.0000  .2137  .5123  .0123  .0009  .0119  .0003  .2025  .0033  .0427
202.0000  .2130  .5115  .0124  .0009  .0121  .0003  .2036  .0033  .0428
203.0000  .2123  .5107  .0125  .0009  .0122  .0004  .2048  .0034  .0428
204.0000  .2116  .5100  .0126  .0009  .0123  .0004  .2059  .0034  .0429
205.0000  .2109  .5092  .0127  .0010  .0124  .0004  .2071  .0034  .0430
206.0000  .2102  .5083  .0128  .0010  .0125  .0004  .2083  .0034  .0430
207.0000  .2095  .5075  .0129  .0010  .0126  .0004  .2095  .0035  .0431
208.0000  .2088  .5067  .0130  .0010  .0128  .0004  .2107  .0035  .0431
209.0000  .2081  .5059  .0131  .0010  .0129  .0004  .2120  .0035  .0432
210.0000  .2074  .5051  .0132  .0010  .0130  .0004  .2132  .0035  .0432
211.0000  .2067  .5042  .0133  .0010  .0131  .0004  .2145  .0035  .0433
212.0000  .2059  .5034  .0134  .0010  .0132  .0004  .2158  .0036  .0433
213.0000  .2052  .5026  .0135  .0010  .0133  .0004  .2171  .0036  .0433
214.0000  .2045  .5017  .0136  .0010  .0134  .0004  .2184  .0036  .0434
215.0000  .2037  .5009  .0137  .0010  .0135  .0004  .2197  .0036  .0434
216.0000  .2030  .5000  .0138  .0010  .0136  .0004  .2210  .0037  .0435
217.0000  .2023  .4992  .0139  .0010  .0137  .0004  .2224  .0037  .0435
218.0000  .2015  .4983  .0140  .0011  .0138  .0004  .2237  .0037  .0435
219.0000  .2008  .4975  .0140  .0011  .0139  .0004  .2251  .0037  .0435
220.0000  .2001  .4966  .0141  .0011  .0140  .0004  .2265  .0038  .0436
221.0000  .1993  .4957  .0142  .0011  .0141  .0004  .2278  .0038  .0436
222.0000  .1986  .4949  .0143  .0011  .0142  .0004  .2292  .0038  .0436
223.0000  .1978  .4940  .0143  .0011  .0142  .0004  .2306  .0038  .0436
224.0000  .1971  .4932  .0144  .0011  .0143  .0004  .2320  .0038  .0437
225.0000  .1963  .4923  .0145  .0011  .0144  .0004  .2335  .0039  .0437
226.0000  .1956  .4915  .0145  .0011  .0145  .0004  .2349  .0039  .0437
227.0000  .1948  .4906  .0146  .0011  .0145  .0004  .2363  .0039  .0437
228.0000  .1940  .4897  .0146  .0011  .0146  .0004  .2377  .0039  .0437
229.0000  .1933  .4889  .0147  .0011  .0147  .0004  .2392  .0040  .0438
230.0000  .1925  .4880  .0147  .0011  .0148  .0004  .2406  .0040  .0438
231.0000  .1918  .4872  .0148  .0011  .0148  .0004  .2421  .0040  .0438
232.0000  .1910  .4864  .0148  .0011  .0149  .0004  .2435  .0040  .0438
233.0000  .1903  .4855  .0149  .0011  .0149  .0004  .2450  .0041  .0438
234.0000  .1895  .4847  .0149  .0011  .0150  .0004  .2464  .0041  .0438
235.0000  .1888  .4839  .0149  .0011  .0151  .0004  .2479  .0041  .0438
236.0000  .1880  .4830  .0150  .0011  .0151  .0004  .2493  .0042  .0438
237.0000  .1872  .4822  .0150  .0011  .0152  .0004  .2508  .0042  .0438
238.0000  .1865  .4814  .0150  .0011  .0152  .0004  .2523  .0042  .0438
239.0000  .1857  .4806  .0150  .0012  .0152  .0004  .2537  .0042  .0438
240.0000  .1850  .4798  .0151  .0012  .0153  .0004  .2552  .0043  .0438
241.0000  .1842  .4790  .0151  .0012  .0153  .0004  .2566  .0043  .0438
242.0000  .1835  .4782  .0151  .0012  .0153  .0004  .2581  .0043  .0438
243.0000  .1827  .4775  .0151  .0012  .0154  .0004  .2596  .0043  .0438
244.0000  .1820  .4767  .0151  .0012  .0154  .0004  .2610  .0044  .0438
245.0000  .1812  .4759  .0151  .0012  .0154  .0004  .2625  .0044  .0438
246.0000  .1805  .4752  .0151  .0012  .0154  .0004  .2639  .0044  .0438
247.0000  .1798  .4744  .0151  .0012  .0155  .0004  .2653  .0044  .0438
248.0000  .1790  .4737  .0151  .0012  .0155  .0004  .2668  .0045  .0438
249.0000  .1783  .4730  .0151  .0012  .0155  .0004  .2682  .0045  .0438
250.0000  .1776  .4723  .0151  .0012  .0155  .0004  .2696  .0045  .0438
251.0000  .1768  .4716  .0151  .0012  .0155  .0004  .2711  .0045  .0438
252.0000  .1761  .4709  .0151  .0012  .0155  .0004  .2725  .0046  .0438
253.0000  .1754  .4702  .0151  .0012  .0155  .0004  .2739  .0046  .0438
254.0000  .1747  .4695  .0150  .0012  .0155  .0004  .2753  .0046  .0438
255.0000  .1739  .4689  .0150  .0012  .0155  .0004  .2766  .0046  .0438
256.0000  .1732  .4682  .0150  .0012  .0155  .0004  .2780  .0047  .0438
257.0000  .1725  .4676  .0150  .0012  .0155  .0004  .2794  .0047  .0438
258.0000  .1718  .4670  .0149  .0012  .0155  .0004  .2807  .0047  .0437
259.0000  .1711  .4664  .0149  .0012  .0154  .0004  .2821  .0048  .0437
260.0000  .1704  .4658  .0149  .0012  .0154  .0004  .2834  .0048  .0437
261.0000  .1697  .4652  .0148  .0011  .0154  .0004  .2847  .0048  .0437
262.0000  .1690  .4646  .0148  .0011  .0154  .0004  .2860  .0048  .0437
263.0000  .1683  .4641  .0148  .0011  .0153  .0004  .2873  .0049  .0437
264.0000  .1676  .4635  .0147  .0011  .0153  .0004  .2886  .0049  .0437
265.0000  .1670  .4630  .0147  .0011  .0153  .0004  .2899  .0049  .0437
266.0000  .1663  .4625  .0146  .0011  .0152  .0004  .2912  .0049  .0437
267.0000  .1656  .4620  .0146  .0011  .0152  .0004  .2924  .0050  .0437
268.0000  .1650  .4615  .0145  .0011  .0152  .0004  .2936  .0050  .0437
269.0000  .1643  .4611  .0145  .0011  .0151  .0004  .2948  .0050  .0437
270.0000  .1636  .4606  .0144  .0011  .0151  .0004  .2960  .0050  .0436
271.0000  .1630  .4602  .0143  .0011  .0150  .0004  .2972  .0051  .0436
272.0000  .1623  .4597  .0143  .0011  .0150  .0004  .2984  .0051  .0436
273.0000  .1617  .4593  .0142  .0011  .0149  .0004  .2996  .0051  .0436
274.0000  .1611  .4589  .0142  .0011  .0149  .0004  .3007  .0051  .0436
275.0000  .1604  .4586  .0141  .0011  .0148  .0004  .3018  .0052  .0436
276.0000  .1598  .4582  .0140  .0011  .0148  .0004  .3029  .0052  .0436
277.0000  .1592  .4578  .0140  .0011  .0147  .0004  .3040  .0052  .0436
278.0000  .1585  .4575  .0139  .0011  .0146  .0004  .3051  .0052  .0436
279.0000  .1579  .4572  .0138  .0011  .0146  .0004  .3061  .0053  .0436
280.0000  .1573  .4569  .0137  .0011  .0145  .0004  .3072  .0053  .0436
281.0000  .1567  .4566  .0137  .0011  .0145  .0004  .3082  .0053  .0436
282.0000  .1561  .4563  .0136  .0011  .0144  .0004  .3092  .0053  .0436
283.0000  .1555  .4561  .0135  .0011  .0143  .0004  .3101  .0054  .0436
284.0000  .1549  .4558  .0135  .0011  .0143  .0004  .3111  .0054  .0436
285.0000  .1544  .4556  .0134  .0010  .0142  .0004  .3120  .0054  .0436
286.0000  .1538  .4554  .0133  .0010  .0141  .0004  .3130  .0054  .0436
287.0000  .1532  .4552  .0132  .0010  .0140  .0004  .3139  .0054  .0436
288.0000  .1526  .4550  .0131  .0010  .0140  .0004  .3148  .0055  .0436
289.0000  .1521  .4548  .0131  .0010  .0139  .0004  .3156  .0055  .0436
290.0000  .1515  .4547  .0130  .0010  .0138  .0004  .3165  .0055  .0436
291.0000  .1510  .4546  .0129  .0010  .0137  .0004  .3173  .0055  .0436
292.0000  .1504  .4544  .0128  .0010  .0137  .0004  .3181  .0056  .0436
293.0000  .1499  .4543  .0127  .0010  .0136  .0004  .3189  .0056  .0436
294.0000  .1493  .4542  .0127  .0010  .0135  .0004  .3197  .0056  .0436
295.0000  .1488  .4542  .0126  .0010  .0134  .0004  .3204  .0056  .0436
296.0000  .1483  .4541  .0125  .0010  .0133  .0004  .3211  .0057  .0436
297.0000  .1478  .4541  .0124  .0010  .0133  .0004  .3218  .0057  .0436
298.0000  .1473  .4540  .0123  .0010  .0132  .0004  .3225  .0057  .0436
299.0000  .1467  .4540  .0122  .0010  .0131  .0004  .3232  .0057  .0437
300.0000  .1462  .4540  .0122  .0010  .0130  .0004  .3239  .0057  .0437
301.0000  .1457  .4540  .0121  .0010  .0129  .0004  .3245  .0058  .0437
302.0000  .1452  .4540  .0120  .0009  .0128  .0004  .3251  .0058  .0437
303.0000  .1447  .4541  .0119  .0009  .0127  .0004  .3257  .0058  .0437
304.0000  .1443  .4541  .0118  .0009  .0127  .0004  .3263  .0058  .0437
305.0000  .1438  .4542  .0117  .0009  .0126  .0004  .3268  .0058  .0437
306.0000  .1433  .4543  .0117  .0009  .0125  .0004  .3274  .0059  .0438
307.0000  .1428  .4544  .0116  .0009  .0124  .0004  .3279  .0059  .0438
308.0000  .1424  .4545  .0115  .0009  .0123  .0004  .3284  .0059  .0438
309.0000  .1419  .4546  .0114  .0009  .0122  .0003  .3289  .0059  .0438
310.0000  .1414  .4547  .0113  .0009  .0122  .0003  .3293  .0060  .0438
311.0000  .1410  .4549  .0112  .0009  .0121  .0003  .3298  .0060  .0439
312.0000  .1405  .4550  .0112  .0009  .0120  .0003  .3302  .0060  .0439
313.0000  .1401  .4552  .0111  .0009  .0119  .0003  .3306  .0060  .0439
314.0000  .1397  .4554  .0110  .0009  .0118  .0003  .3310  .0060  .0439
315.0000  .1392  .4556  .0109  .0009  .0117  .0003  .3313  .0061  .0439
316.0000  .1388  .4558  .0108  .0009  .0116  .0003  .3317  .0061  .0440
317.0000  .1384  .4560  .0108  .0008  .0116  .0003  .3320  .0061  .0440
318.0000  .1380  .4563  .0107  .0008  .0115  .0003  .3323  .0061  .0440
319.0000  .1375  .4565  .0106  .0008  .0114  .0003  .3326  .0061  .0441
320.0000  .1371  .4568  .0105  .0008  .0113  .0003  .3329  .0061  .0441
321.0000  .1367  .4570  .0104  .0008  .0112  .0003  .3332  .0062  .0441
322.0000  .1363  .4573  .0104  .0008  .0111  .0003  .3334  .0062  .0441
323.0000  .1359  .4576  .0103  .0008  .0111  .0003  .3337  .0062  .0442
324.0000  .1355  .4579  .0102  .0008  .0110  .0003  .3339  .0062  .0442
325.0000  .1351  .4582  .0101  .0008  .0109  .0003  .3341  .0062  .0442
326.0000  .1347  .4585  .0101  .0008  .0108  .0003  .3342  .0063  .0443
327.0000  .1344  .4588  .0100  .0008  .0107  .0003  .3344  .0063  .0443
328.0000  .1340  .4592  .0099  .0008  .0107  .0003  .3346  .0063  .0443
329.0000  .1336  .4595  .0098  .0008  .0106  .0003  .3347  .0063  .0444
330.0000  .1332  .4599  .0098  .0008  .0105  .0003  .3348  .0063  .0444
331.0000  .1329  .4603  .0097  .0008  .0104  .0003  .3349  .0063  .0445
332.0000  .1325  .4606  .0096  .0008  .0103  .0003  .3350  .0064  .0445
333.0000  .1321  .4610  .0095  .0008  .0103  .0003  .3351  .0064  .0445
334.0000  .1318  .4614  .0095  .0007  .0102  .0003  .3351  .0064  .0446
335.0000  .1314  .4618  .0094  .0007  .0101  .0003  .3352  .0064  .0446
336.0000  .1311  .4622  .0093  .0007  .0100  .0003  .3352  .0064  .0447
337.0000  .1307  .4627  .0093  .0007  .0100  .0003  .3352  .0064  .0447
338.0000  .1304  .4631  .0092  .0007  .0099  .0003  .3352  .0065  .0448
339.0000  .1301  .4635  .0091  .0007  .0098  .0003  .3352  .0065  .0448
340.0000  .1297  .4640  .0091  .0007  .0098  .0003  .3352  .0065  .0448
341.0000  .1294  .4644  .0090  .0007  .0097  .0003  .3351  .0065  .0449
342.0000  .1291  .4649  .0089  .0007  .0096  .0003  .3351  .0065  .0449
343.0000  .1287  .4654  .0089  .0007  .0095  .0003  .3350  .0065  .0450
344.0000  .1284  .4658  .0088  .0007  .0095  .0003  .3349  .0066  .0450
345.0000  .1281  .4663  .0088  .0007  .0094  .0003  .3348  .0066  .0451
346.0000  .1278  .4668  .0087  .0007  .0093  .0003  .3347  .0066  .0451
347.0000  .1275  .4673  .0086  .0007  .0093  .0003  .3346  .0066  .0452
348.0000  .1272  .4678  .0086  .0007  .0092  .0003  .3345  .0066  .0453
349.0000  .1268  .4683  .0085  .0007  .0091  .0003  .3343  .0066  .0453
350.0000  .1265  .4688  .0085  .0007  .0091  .0003  .3342  .0067  .0454
351.0000  .1262  .4693  .0084  .0007  .0090  .0003  .3340  .0067  .0454
352.0000  .1259  .4699  .0083  .0007  .0090  .0003  .3338  .0067  .0455
353.0000  .1256  .4704  .0083  .0007  .0089  .0003  .3337  .0067  .0455
354.0000  .1254  .4709  .0082  .0006  .0088  .0003  .3335  .0067  .0456
355.0000  .1251  .4715  .0082  .0006  .0088  .0002  .3333  .0067  .0456
356.0000  .1248  .4720  .0081  .0006  .0087  .0002  .3330  .0067  .0457
357.0000  .1245  .4726  .0081  .0006  .0087  .0002  .3328  .0068  .0458
358.0000  .1242  .4731  .0080  .0006  .0086  .0002  .3326  .0068  .0458
359.0000  .1239  .4737  .0080  .0006  .0085  .0002  .3323  .0068  .0459
360.0000  .1237  .4743  .0079  .0006  .0085  .0002  .3321  .0068  .0459
