t, CL , CS , CE , CIS, CIA, CH , CR , CD , CV 
0,0.266260097,0.463606046,0.00067033,0.00009283,0.00120986,0.000134158,0.266125939,0.00190074,0
1,0.266989653,0.463800115,0.000763665,0.000082945,0.001137632,0.000092978,0.26490159,0.001903993,0.000327429
2,0.267725718,0.463994498,0.00082919,0.000077277,0.001088937,0.000067438,0.263656821,0.001906588,0.000653533
3,0.268466759,0.464186227,0.000875832,0.00007424,0.00105651,0.000051672,0.262401655,0.001908782,0.000978323
4,0.269203347,0.464445678,0.000909653,0.000072817,0.00103537,0.00004201,0.261142564,0.001910738,0.001237823
5,0.269901069,0.465060103,0.00093478,0.000072364,0.001022102,0.000036156,0.259883732,0.001912556,0.00117714
6,0.270601262,0.465666394,0.000954021,0.000072479,0.001014355,0.000032672,0.258627866,0.001914296,0.001116656
7,0.271303593,0.466263952,0.000969288,0.000072911,0.00101051,0.000030655,0.257376722,0.001915997,0.001056372
8,0.271899064,0.466797564,0.000981884,0.00007351,0.001009447,0.000029544,0.256131438,0.001917682,0.001159866
9,0.271951529,0.467051377,0.000992693,0.000074187,0.001010391,0.000028987,0.25489275,0.001919364,0.002078723
10,0.272003825,0.467301224,0.001002321,0.000074891,0.001012801,0.000028765,0.253661133,0.001921052,0.002993988
11,0.272055869,0.467546988,0.001011193,0.000075597,0.0010163,0.000028744,0.252436893,0.001922749,0.003905668
12,0.272002996,0.468141988,0.001019599,0.000076291,0.001020626,0.00002884,0.251220227,0.001924458,0.004564975
13,0.271427589,0.470496531,0.001027773,0.00007697,0.001025596,0.000029004,0.250011258,0.00192618,0.0039791
14,0.270853012,0.472842218,0.001035865,0.000077635,0.001031087,0.000029205,0.248810065,0.001927917,0.003392996
15,0.270279237,0.475179024,0.001043968,0.000078289,0.001037015,0.000029426,0.247616696,0.001929668,0.002806678
16,0.269608579,0.477162178,0.001052147,0.000078935,0.00104332,0.000029659,0.246431183,0.001931433,0.002662567
17,0.26845269,0.477417833,0.001060406,0.000079578,0.001049956,0.000029896,0.245253544,0.001933212,0.004722885
18,0.267301296,0.477668796,0.001068765,0.00008022,0.001056886,0.000030137,0.244083789,0.001935006,0.006775105
19,0.266154364,0.477915083,0.001077254,0.000080864,0.001064084,0.00003038,0.242921922,0.001936814,0.008819236
20,0.265052291,0.478344813,0.001085897,0.000081512,0.00107153,0.000030624,0.241767943,0.001938637,0.010626753
21,0.264155689,0.47970661,0.001094732,0.000082167,0.001079214,0.00003087,0.240621851,0.001940474,0.011288394
22,0.263261594,0.481058512,0.001103781,0.000082831,0.001087131,0.000031118,0.239483641,0.001942327,0.011949065
23,0.262369986,0.48240055,0.001113049,0.000083506,0.00109528,0.000031369,0.238353312,0.001944194,0.012608754
24,0.26164164,0.483570641,0.001122543,0.000084193,0.001103661,0.000031624,0.237230861,0.001946076,0.013268761
25,0.261718246,0.483922831,0.001132256,0.000084895,0.001112273,0.000031883,0.236116285,0.001947974,0.013933357
26,0.261794261,0.484269732,0.001142192,0.000085611,0.001121115,0.000032147,0.235009583,0.001949888,0.014595471
27,0.261869668,0.484611357,0.001152355,0.000086343,0.001130188,0.000032416,0.233910753,0.001951818,0.015255102
28,0.261758698,0.485117412,0.001162751,0.000087091,0.001139493,0.00003269,0.232819794,0.001953764,0.015928307
29,0.260721129,0.486462981,0.001173394,0.000087855,0.001149031,0.00003297,0.231736706,0.001955728,0.016680205
30,0.259687034,0.487797816,0.001184291,0.000088637,0.001158807,0.000033256,0.230661489,0.001957708,0.017430962
31,0.258656388,0.489121949,0.001195446,0.000089436,0.001168824,0.000033549,0.229594142,0.001959706,0.01818056
32,0.257666796,0.490514807,0.00120686,0.000090255,0.001179087,0.000033848,0.228534669,0.001961723,0.018811954
33,0.256867842,0.492293649,0.001218551,0.000091092,0.0011896,0.000034155,0.227483072,0.001963757,0.018858282
34,0.256070661,0.494062039,0.001230527,0.000091949,0.001200369,0.000034468,0.226439353,0.001965811,0.018904824
35,0.255275236,0.495819985,0.001242788,0.000092827,0.001211399,0.000034788,0.225403519,0.001967884,0.018951574
36,0.254470087,0.497506941,0.001255339,0.000093725,0.001222697,0.000035116,0.224375575,0.001969976,0.019070543
37,0.253609621,0.49888125,0.001268175,0.000094645,0.001234266,0.000035452,0.223355527,0.001972089,0.019548974
38,0.252751302,0.50024556,0.001281297,0.000095585,0.00124611,0.000035796,0.222343384,0.001974223,0.020026743
39,0.251895108,0.501599888,0.00129471,0.000096548,0.001258232,0.000036148,0.221339153,0.001976378,0.020503836
40,0.251190702,0.502976258,0.001308421,0.000097532,0.001270636,0.000036507,0.220342843,0.001978554,0.020798545
41,0.251235363,0.504502446,0.001322448,0.000098539,0.001283328,0.000036876,0.219354464,0.001980753,0.020185784
42,0.25127917,0.506019736,0.001336802,0.000099569,0.001296313,0.000037252,0.218374026,0.001982974,0.019574159
43,0.251322101,0.507528118,0.001351486,0.000100622,0.001309599,0.000037637,0.217401541,0.001985219,0.018963677
44,0.251202431,0.50893401,0.001366505,0.0001017,0.001323192,0.000038031,0.216437021,0.001987487,0.018609623
45,0.25027564,0.509863935,0.001381839,0.000102802,0.001337097,0.000038434,0.215480482,0.00198978,0.019529991
46,0.249351362,0.510785085,0.001397485,0.000103928,0.001351315,0.000038846,0.214531938,0.001992097,0.020447944
47,0.248429572,0.511697472,0.001413452,0.000105079,0.001365847,0.000039268,0.213591403,0.00199444,0.021363467
48,0.247746685,0.512341935,0.001429748,0.000106254,0.001380697,0.000039698,0.212658892,0.001996809,0.022299283
49,0.248247672,0.511685176,0.001446359,0.000107453,0.001395868,0.000040138,0.211734421,0.001999204,0.023343709
50,0.248748638,0.511025997,0.001463286,0.000108678,0.001411359,0.000040587,0.210818005,0.002001627,0.024381823
51,0.249249559,0.510364382,0.001480539,0.000109926,0.001427172,0.000041046,0.209909661,0.002004076,0.025413639
52,0.24950661,0.510044628,0.001498125,0.0001112,0.00144331,0.000041513,0.209009403,0.002006554,0.026338655
53,0.248546896,0.511437922,0.001516087,0.000112499,0.001459778,0.000041991,0.20811725,0.002009061,0.026758517
54,0.247589803,0.512820234,0.001534441,0.000113824,0.001476587,0.000042478,0.207233218,0.002011597,0.027177817
55,0.246635309,0.514191567,0.001553191,0.000115177,0.001493747,0.000042975,0.206357328,0.002014163,0.027596542
56,0.245739655,0.515326208,0.001572341,0.000116559,0.001511267,0.000043482,0.205489601,0.002016759,0.028184128
57,0.245126658,0.51532704,0.001591862,0.000117969,0.001529152,0.000043999,0.204630061,0.002019387,0.029613871
58,0.244514031,0.515325171,0.001611751,0.000119408,0.001547406,0.000044528,0.203778731,0.002022046,0.031036928
59,0.243901756,0.515320577,0.001632018,0.000120876,0.001566029,0.000045067,0.202935635,0.002024738,0.032453305
60,0.243279825,0.51537727,0.001652672,0.000122372,0.001585026,0.000045617,0.202100797,0.002027463,0.033808959
61,0.242608458,0.515749566,0.001673731,0.000123898,0.001604401,0.000046178,0.201274242,0.002030221,0.034889305
62,0.241937702,0.516116318,0.001695208,0.000125454,0.001624163,0.00004675,0.200455996,0.002033014,0.035965395
63,0.241267539,0.516477513,0.001717108,0.00012704,0.001644317,0.000047333,0.199646086,0.002035842,0.037037222
64,0.240725732,0.516506885,0.001739437,0.000128658,0.001664871,0.000047928,0.198844541,0.002038706,0.038303242
65,0.240822524,0.514909724,0.001762158,0.000130307,0.00168583,0.000048535,0.19805139,0.002041606,0.040547926
66,0.240917993,0.513322661,0.001785262,0.000131986,0.001707191,0.000049153,0.197266662,0.002044544,0.042774548
67,0.24101211,0.511745579,0.001808762,0.000133697,0.001728954,0.000049783,0.196490387,0.002047519,0.044983209
68,0.241178684,0.510157929,0.001832671,0.000135438,0.00175112,0.000050425,0.195722593,0.002050533,0.047120608
69,0.241713756,0.508475988,0.001857001,0.00013721,0.001773695,0.000051078,0.194963309,0.002053586,0.048974378
70,0.242248527,0.506800598,0.001881762,0.000139014,0.001796681,0.000051744,0.194212565,0.002056679,0.05081243
71,0.242782963,0.505131676,0.001906962,0.00014085,0.001820086,0.000052421,0.193470392,0.002059812,0.052634838
72,0.243061628,0.5037894,0.00193261,0.000142718,0.001843914,0.00005311,0.192736821,0.002062987,0.054376811
73,0.242065435,0.504046089,0.001958749,0.00014462,0.001868174,0.000053812,0.192011886,0.002066204,0.055785031
74,0.241071783,0.504296597,0.0019854,0.000146557,0.00189288,0.000054526,0.19129562,0.002069464,0.057187172
75,0.240080647,0.504540913,0.002012565,0.00014853,0.001918044,0.000055254,0.19058806,0.002072768,0.058583219
76,0.239328947,0.504422413,0.002040248,0.00015054,0.001943679,0.000055994,0.189889246,0.002076116,0.060092816
77,0.239763209,0.502524734,0.002068406,0.000152588,0.001969789,0.000056749,0.189199219,0.00207951,0.062185796
78,0.240196558,0.500637262,0.002097028,0.000154673,0.001996377,0.000057518,0.188518019,0.002082949,0.064259617
79,0.240628954,0.498759875,0.00212613,0.000156795,0.002023442,0.0000583,0.187845687,0.002086436,0.066314381
80,0.241077262,0.497078311,0.002155722,0.000158953,0.002050989,0.000059097,0.187182265,0.00208997,0.068147432
81,0.241609289,0.496327807,0.002185858,0.000161149,0.002079024,0.000059907,0.186527794,0.002093553,0.068955619
82,0.242140647,0.495573822,0.00221656,0.000163385,0.002107561,0.000060732,0.185882317,0.002097186,0.06975779
83,0.242671293,0.494816334,0.002247833,0.00016566,0.002136613,0.000061572,0.185245881,0.002100869,0.070553945
84,0.243187889,0.494271933,0.00227968,0.000167978,0.002166191,0.000062427,0.184618533,0.002104603,0.071140766
85,0.243637024,0.494802537,0.002312157,0.000170337,0.002196309,0.000063297,0.184000323,0.002108389,0.070709626
86,0.244084997,0.495322381,0.002345286,0.000172741,0.002226985,0.000064183,0.183391305,0.002112229,0.070279893
87,0.24453176,0.495831444,0.002379068,0.000175192,0.002258239,0.000065085,0.182791532,0.002116123,0.069851557
88,0.244835347,0.496513965,0.002413509,0.000177689,0.002290083,0.000066005,0.182201066,0.002120072,0.069382264
89,0.244428226,0.498106592,0.002448641,0.000180235,0.002322535,0.000066942,0.181619966,0.002124078,0.068702785
90,0.244019663,0.499688201,0.002484481,0.000182831,0.002355611,0.000067898,0.181048298,0.00212814,0.068024876
91,0.243609627,0.501258731,0.002521037,0.000185478,0.002389329,0.000068871,0.180486127,0.002132262,0.067348538
92,0.243088766,0.502899287,0.002558313,0.000188178,0.002423703,0.000069864,0.179933525,0.002136443,0.066701921
93,0.242022264,0.50493238,0.002596327,0.000190931,0.002458748,0.000070877,0.179390562,0.002140685,0.066197227
94,0.240958201,0.506950647,0.002635091,0.000193738,0.002494478,0.000071909,0.178857314,0.002144989,0.065693633
95,0.239896542,0.508954024,0.002674614,0.0001966,0.002530908,0.000072962,0.178333857,0.002149356,0.065191137
96,0.239085712,0.510284221,0.002714908,0.000199519,0.00256805,0.000074035,0.17782027,0.002153787,0.065099497
97,0.239517977,0.508324844,0.002755838,0.000202494,0.002605909,0.000075129,0.177316633,0.002158285,0.06704289
98,0.239948564,0.506374418,0.002797367,0.000205523,0.002644469,0.000076245,0.176823026,0.002162849,0.068967539
99,0.240377416,0.504432824,0.002839527,0.000208603,0.00268372,0.000077381,0.176339523,0.002167482,0.070873523
100,0.240558289,0.503188052,0.002882341,0.000211734,0.002723657,0.000078537,0.175866199,0.002172184,0.072319006
101,0.239509393,0.50537778,0.002925991,0.000214918,0.00276429,0.000079713,0.175403126,0.002176957,0.07154783
102,0.238462499,0.507552168,0.002970548,0.000218159,0.002805654,0.00008091,0.174950382,0.002181802,0.070777879
103,0.237417572,0.509711128,0.003016003,0.00022146,0.002847778,0.000082128,0.174508049,0.002186719,0.070009163
104,0.236611561,0.51133206,0.003062356,0.000224824,0.002890688,0.000083368,0.174076216,0.002191711,0.069527216
105,0.236990721,0.510333929,0.003109488,0.000228251,0.002934398,0.00008463,0.173654973,0.002196779,0.070466831
106,0.237367684,0.509333542,0.003157361,0.00023174,0.002978902,0.000085917,0.173244413,0.002201924,0.071398518
107,0.237742387,0.50833085,0.003206001,0.000235289,0.003024197,0.000087226,0.172844625,0.002207148,0.072322276
108,0.23795582,0.507564309,0.003255428,0.000238899,0.003070285,0.000088559,0.172455699,0.002212451,0.073158549
109,0.237372964,0.507983432,0.00330571,0.00024257,0.003117173,0.000089915,0.172077726,0.002217836,0.073592675
110,0.236788568,0.508393567,0.003356878,0.000246304,0.003164876,0.000091294,0.171710795,0.002223304,0.074024413
111,0.2362026,0.508794658,0.003408938,0.000250103,0.00321341,0.000092697,0.171355,0.002228856,0.074453736
112,0.235553224,0.50942997,0.003461898,0.000253967,0.00326279,0.000094125,0.171010439,0.002234494,0.074699094
113,0.234594674,0.511268486,0.003515839,0.000257898,0.003313031,0.000095576,0.170677209,0.002240218,0.074037068
114,0.233636899,0.51309135,0.003570796,0.000261899,0.003364162,0.000097054,0.170355411,0.002246032,0.073376397
115,0.232679865,0.514898459,0.003626768,0.000265973,0.003416207,0.000098557,0.170045153,0.002251935,0.072717083
116,0.231930714,0.516535828,0.00368376,0.00027012,0.003469185,0.000100087,0.169746545,0.00225793,0.07200583
117,0.232216535,0.517388175,0.003741761,0.000274343,0.003523114,0.000101645,0.169459699,0.002264019,0.071030709
118,0.232499326,0.518226516,0.003800772,0.000278641,0.003578007,0.00010323,0.169184732,0.002270203,0.070058572
119,0.232779013,0.519050769,0.003860806,0.000283015,0.003633877,0.000104844,0.168921759,0.002276484,0.069089431
120,0.232806615,0.519682816,0.003921875,0.000287467,0.003690736,0.000106487,0.1686709,0.002282864,0.068550241
121,0.231590779,0.519415666,0.003983873,0.000291995,0.00374859,0.000108159,0.168432276,0.002289343,0.070139319
122,0.23037775,0.519141478,0.004046769,0.000296599,0.003807426,0.00010986,0.168206004,0.002295925,0.071718189
123,0.229167489,0.518860191,0.004110592,0.000301276,0.00386724,0.000111589,0.167992201,0.002302611,0.073286812
124,0.228020257,0.518496882,0.00417536,0.000306026,0.003928027,0.000113347,0.167790981,0.002309402,0.074859717
125,0.227175344,0.517755417,0.004241071,0.00031085,0.00398979,0.000115133,0.167602459,0.0023163,0.076493637
126,0.226329834,0.517012199,0.00430773,0.000315746,0.004052525,0.000116948,0.167426747,0.002323306,0.078114964
127,0.225483699,0.516267141,0.004375351,0.000320716,0.004116236,0.00011879,0.167263956,0.002330423,0.079723687
128,0.224845268,0.515570754,0.004443945,0.000325759,0.004180925,0.00012066,0.1671142,0.002337652,0.081060836
129,0.22524704,0.515119425,0.004513586,0.000330877,0.004246601,0.000122558,0.166977591,0.002344995,0.081097327
130,0.225645534,0.514657764,0.004584306,0.000336072,0.004313281,0.000124485,0.166854241,0.002352453,0.081131865
131,0.226040671,0.514185738,0.0046561,0.000341344,0.00438098,0.000126441,0.16674427,0.002360028,0.081164428
132,0.226390784,0.513649505,0.004728968,0.000346697,0.004449714,0.000128426,0.166647794,0.002367722,0.081290391
133,0.226529145,0.512836876,0.004802876,0.000352129,0.004519489,0.000130441,0.166564935,0.002375537,0.081888573
134,0.226663339,0.512018649,0.004877812,0.000357641,0.004590308,0.000132485,0.166495814,0.002383474,0.082480477
135,0.226793294,0.511194782,0.004953785,0.000363233,0.004662175,0.000134561,0.166440551,0.002391535,0.083066084
136,0.226690073,0.510580274,0.005030798,0.000368905,0.004735093,0.000136666,0.166399267,0.002399722,0.083659202
137,0.225442845,0.511028974,0.005108905,0.000374657,0.004809067,0.000138802,0.166372083,0.002408037,0.08431663
138,0.224198068,0.511462752,0.005188127,0.000380491,0.004884111,0.000140969,0.16635912,0.002416482,0.08496988
139,0.222955715,0.51188156,0.005268458,0.000386408,0.004960237,0.000143166,0.166360502,0.002425058,0.085618894
140,0.221781105,0.512495584,0.005349895,0.000392408,0.005037453,0.000145395,0.166376354,0.002433768,0.085988038
141,0.220933498,0.514143133,0.005432563,0.000398493,0.005115775,0.000147655,0.166406802,0.002442613,0.084979468
142,0.220084531,0.515772522,0.005516506,0.000404667,0.005195232,0.000149948,0.166451976,0.002451595,0.083973023
143,0.219234179,0.517383609,0.005601705,0.000410931,0.005275852,0.000152273,0.16651201,0.002460716,0.082968724
144,0.218525462,0.518896352,0.005688149,0.000417287,0.005357652,0.000154633,0.166587043,0.002469979,0.081903444
145,0.218528846,0.519991322,0.005775824,0.000423737,0.005440647,0.000157026,0.166677215,0.002479384,0.080525998
146,0.218527361,0.521069139,0.005864723,0.00043028,0.005524848,0.000159455,0.166782668,0.002488936,0.079152591
147,0.218520935,0.522129681,0.005954843,0.000436916,0.005610261,0.000161919,0.166903547,0.002498634,0.077783264
148,0.21839159,0.522896576,0.00604618,0.000443646,0.005696895,0.000164418,0.167039993,0.002508482,0.076812219
149,0.217669227,0.52227291,0.00613853,0.000450468,0.005784739,0.000166953,0.167192151,0.002518482,0.077806538
150,0.216944165,0.521642767,0.00623182,0.000457377,0.005873759,0.000169523,0.167360159,0.002528636,0.078791794
151,0.21621638,0.521006085,0.006326071,0.00046437,0.005963924,0.000172126,0.167544146,0.002538945,0.079767953
152,0.21551754,0.520617463,0.006421296,0.000471443,0.006055211,0.000174763,0.167744238,0.002549411,0.080448634
153,0.214973737,0.521488876,0.006517671,0.000478597,0.006147612,0.000177431,0.167960555,0.002560037,0.079695483
154,0.214426012,0.522343274,0.006615251,0.000485836,0.006241147,0.000180131,0.168193217,0.002570825,0.078944308
155,0.213874338,0.523180561,0.006714008,0.00049316,0.006335828,0.000182863,0.168442348,0.002581775,0.078195118
156,0.213334064,0.523960905,0.006813917,0.000500571,0.006431665,0.000185628,0.168708073,0.002592891,0.077472286
157,0.212866414,0.524525948,0.006914936,0.00050807,0.006528658,0.000188425,0.168990517,0.002604173,0.076872858
158,0.212394283,0.525074653,0.007017039,0.000515654,0.006626802,0.000191256,0.169289804,0.002615625,0.076274883
159,0.211917641,0.525606944,0.007120211,0.000523324,0.006726091,0.000194119,0.169606056,0.002627248,0.075678366
160,0.211343606,0.526161428,0.007224436,0.000531078,0.006826517,0.000197014,0.169939394,0.002639043,0.075137482
161,0.210303225,0.526891359,0.007329692,0.000538916,0.006928069,0.000199942,0.170289936,0.002651013,0.074867847
162,0.209262309,0.527602173,0.007435958,0.000546836,0.007030735,0.000202903,0.170657796,0.00266316,0.07459813
163,0.208220857,0.528293807,0.007543216,0.000554836,0.007134502,0.000205894,0.171043087,0.002675485,0.074328316
164,0.207385019,0.528904983,0.007651445,0.000562916,0.007239357,0.000208917,0.171445918,0.002687991,0.073913455
165,0.207577022,0.52918986,0.007760654,0.000571073,0.007345285,0.000211971,0.171866394,0.002700678,0.072777062
166,0.207763303,0.529455833,0.007870832,0.000579309,0.007452276,0.000215054,0.172304617,0.00271355,0.071645226
167,0.207943785,0.52970288,0.007981948,0.00058762,0.007560318,0.000218168,0.172760688,0.002726607,0.070517986
168,0.207873101,0.529713909,0.008093974,0.000596007,0.007669395,0.000221311,0.173234703,0.002739851,0.069857749
169,0.206575561,0.52862954,0.008206605,0.000604464,0.007779471,0.000224483,0.173726754,0.002753285,0.071499837
170,0.205280123,0.527539608,0.008319717,0.000612984,0.007890473,0.000227682,0.174236922,0.002766909,0.073125582
171,0.203986801,0.526444126,0.008433318,0.00062156,0.008002336,0.000230907,0.174765274,0.002780725,0.074734955
172,0.202795644,0.525182691,0.008547397,0.000630186,0.008115002,0.000234155,0.175311864,0.002794734,0.076388326
173,0.202103504,0.523121856,0.00866184,0.000638859,0.008228418,0.000237424,0.175876737,0.002808937,0.078322424
174,0.201407651,0.521068993,0.00877659,0.000647573,0.008342517,0.000240713,0.176459923,0.002823336,0.080232704
175,0.200708105,0.519024083,0.008891625,0.000656322,0.008457243,0.000244019,0.177061444,0.002837931,0.08211923
176,0.199960553,0.517520313,0.009006917,0.000665103,0.00857254,0.00024734,0.177681308,0.002852723,0.083493203
177,0.198989021,0.518672679,0.009122891,0.000673916,0.008688389,0.000250676,0.178319516,0.002867713,0.0824152
178,0.198016123,0.519803155,0.009239662,0.000682769,0.00880483,0.000254025,0.178976071,0.002882902,0.081340463
179,0.197041894,0.520911724,0.009357117,0.000691666,0.008921891,0.00025739,0.179650984,0.002898291,0.080269044
180,0.196143623,0.52161278,0.009475168,0.00070061,0.009039576,0.00026077,0.180344268,0.00291388,0.079509327
181,0.195628381,0.520376229,0.009593408,0.000709595,0.009157856,0.000264166,0.181055936,0.00292967,0.080284759
182,0.195108354,0.519135803,0.009711658,0.000718612,0.009276648,0.000267578,0.18178599,0.002945664,0.081049693
183,0.194583565,0.517891595,0.009829904,0.000727653,0.009395874,0.000271003,0.182534415,0.00296186,0.081804132
184,0.193991235,0.517003822,0.009948116,0.000736711,0.009515463,0.000274439,0.183301184,0.00297826,0.08225077
185,0.193081892,0.517902366,0.010066586,0.000745782,0.009635373,0.000277884,0.184086257,0.002994864,0.081208996
186,0.192170705,0.518780033,0.010185377,0.000754871,0.009755606,0.000281337,0.184889591,0.003011673,0.080170808
187,0.191257725,0.519636867,0.01030439,0.000763978,0.009876155,0.000284797,0.185711143,0.003028686,0.079136258
188,0.190323217,0.520009875,0.010423542,0.000773102,0.009997001,0.000288264,0.186550869,0.003045905,0.078588226
189,0.189288804,0.518065953,0.010542256,0.000782237,0.010118081,0.000291737,0.187408716,0.003063329,0.080438886
190,0.188253986,0.516128565,0.010660299,0.000791366,0.010239261,0.000295215,0.188284616,0.003080959,0.082265734
191,0.187218829,0.514197788,0.010777676,0.000800477,0.010360418,0.000298693,0.189178473,0.003098795,0.08406885
192,0.18626441,0.512417304,0.010894369,0.000809562,0.010481451,0.000302168,0.190090173,0.003116836,0.085623728
193,0.185712489,0.511353879,0.011010546,0.000818614,0.010602279,0.000305636,0.191019582,0.003135082,0.086041893
194,0.185156281,0.510285327,0.011126227,0.000827633,0.010722859,0.000309095,0.191966557,0.003153531,0.08645249
195,0.184595847,0.50921185,0.011241327,0.000836617,0.010843142,0.000312543,0.192930945,0.003172184,0.086855544
196,0.184082996,0.507998035,0.011355766,0.000845562,0.010963077,0.00031598,0.193912587,0.00319104,0.087334958
197,0.183823983,0.506106993,0.01146934,0.000854462,0.011082597,0.000319402,0.194911313,0.003210097,0.088221813
198,0.183559522,0.504220243,0.011581936,0.000863311,0.011201618,0.000322809,0.19592694,0.003229354,0.089094267
199,0.183289665,0.502338005,0.011693499,0.000872102,0.011320057,0.000326198,0.196959268,0.003248811,0.089952395
200,0.182897578,0.500463153,0.011803971,0.000880828,0.011437835,0.000329567,0.198008087,0.003268466,0.090910515
201,0.181918825,0.498607998,0.011913221,0.000889482,0.011554871,0.000332914,0.199073169,0.003288318,0.092421203
202,0.18093974,0.496760606,0.012021163,0.000898059,0.011671079,0.000336235,0.200154274,0.003308365,0.093910479
203,0.17996043,0.49492116,0.012127742,0.000906551,0.011786373,0.000339529,0.201251146,0.003328605,0.095378466
204,0.178995308,0.493419337,0.012232895,0.000914952,0.011900673,0.000342793,0.202363515,0.003349036,0.096481491
205,0.178101194,0.493559454,0.01233698,0.000923259,0.012013928,0.000346025,0.203491099,0.003369657,0.095858403
206,0.177206277,0.493685612,0.012440067,0.000931479,0.012126145,0.000349223,0.204633614,0.003390465,0.095237118
207,0.176310663,0.493798086,0.012542021,0.000939612,0.012237313,0.000352389,0.205790778,0.003411458,0.09461768
208,0.175402373,0.493531921,0.012642731,0.000947656,0.012347406,0.000355521,0.206962307,0.003432635,0.094377449
209,0.174433632,0.491444232,0.012741619,0.000955606,0.012456354,0.000358619,0.208147912,0.003453993,0.096008034
210,0.173465292,0.489370042,0.012838445,0.000963444,0.012564014,0.000361681,0.209347283,0.00347553,0.097614268
211,0.172497469,0.487309528,0.01293321,0.000971159,0.012670258,0.000364703,0.210560088,0.003497244,0.099196341
212,0.171637373,0.485277094,0.01302589,0.000978741,0.012774977,0.000367682,0.211785973,0.003519132,0.100633138
213,0.171310838,0.483327057,0.013116545,0.000986182,0.012878078,0.000370613,0.213024566,0.003541191,0.101444931
214,0.170980296,0.481387344,0.013205158,0.000993479,0.012979489,0.000373495,0.214275482,0.003563417,0.102241839
215,0.170645853,0.47945824,0.013291668,0.001000628,0.013079144,0.000376323,0.215538326,0.003585808,0.103024011
216,0.170287463,0.477679408,0.013376013,0.001007624,0.013176973,0.000379098,0.21681269,0.003608359,0.103672372
217,0.169824966,0.476602139,0.013458313,0.001014465,0.013272922,0.000381816,0.218098158,0.003631069,0.103716153
218,0.169359478,0.47552585,0.013538566,0.00102115,0.013366959,0.000384476,0.219394309,0.003653933,0.10375528
219,0.168891117,0.474450889,0.013616687,0.001027678,0.013459049,0.000387078,0.220700715,0.003676947,0.10378984
220,0.168429323,0.473592418,0.013692601,0.001034046,0.013549146,0.000389621,0.222016948,0.003700109,0.103595787
221,0.168011329,0.47380247,0.013766556,0.001040254,0.013637223,0.000392104,0.223342571,0.003723415,0.102284079
222,0.167590521,0.474002853,0.013838589,0.001046305,0.01372329,0.000394527,0.22467715,0.00374686,0.100979906
223,0.167167015,0.474193934,0.013908594,0.0010522,0.013807342,0.000396889,0.226020254,0.003770442,0.099683328
224,0.166641171,0.474214456,0.013976486,0.001057939,0.013889363,0.000399192,0.227371454,0.003794157,0.098655782
225,0.165617314,0.473424561,0.014041885,0.001063516,0.013969305,0.000401435,0.228730316,0.003818002,0.098933666
226,0.164596354,0.4726353,0.014104635,0.001068921,0.014047073,0.000403616,0.230096398,0.003841972,0.099205731
227,0.163578412,0.471847019,0.014164736,0.001074145,0.014122584,0.000405733,0.231469239,0.003866064,0.099472069
228,0.162603861,0.470918084,0.014222177,0.001079182,0.014195763,0.000407784,0.232848369,0.003890274,0.099834506
229,0.161832303,0.46928827,0.014276761,0.001084026,0.014266536,0.000409766,0.234233306,0.003914597,0.100694435
230,0.161061476,0.467672087,0.014328414,0.001088668,0.014334812,0.000411676,0.235623554,0.00393903,0.101540283
231,0.160291515,0.466069797,0.014377147,0.001093102,0.014400511,0.000413511,0.237018603,0.003963567,0.102372246
232,0.159505598,0.464870362,0.014422963,0.001097324,0.014463569,0.00041527,0.238417933,0.003988204,0.102818777
233,0.158636655,0.465614195,0.014466432,0.001101334,0.014523965,0.00041695,0.239821016,0.004012936,0.101406516
234,0.157770023,0.466348836,0.014507723,0.001105146,0.014581764,0.000418552,0.241227334,0.004037759,0.100002864
235,0.156905822,0.467074677,0.014546728,0.001108764,0.014637012,0.000420077,0.242636382,0.004062668,0.098607869
236,0.156045261,0.467536961,0.014583368,0.001112195,0.014689733,0.000421527,0.244047663,0.004087659,0.097475633
237,0.155192772,0.46672479,0.014617195,0.001115434,0.014739912,0.000422903,0.245460689,0.004112728,0.097613577
238,0.154342989,0.465918307,0.014648047,0.001118472,0.014787474,0.000424205,0.246874964,0.004137869,0.097747672
239,0.153496028,0.465117837,0.014675965,0.001121303,0.014832353,0.000425431,0.24828998,0.004163079,0.097878022
240,0.152677431,0.464264341,0.014700975,0.001123922,0.014874501,0.000426579,0.249705224,0.004188353,0.098038674
241,0.151988132,0.463123447,0.014723024,0.001126324,0.014913874,0.000427649,0.251120174,0.004213686,0.098363689
242,0.151300466,0.461993977,0.014742108,0.001128508,0.014950429,0.000428637,0.252534305,0.004239073,0.098682498
243,0.150614553,0.460876214,0.014758252,0.00113047,0.014984132,0.000429543,0.253947085,0.004264509,0.098995242
244,0.149934929,0.459924423,0.01477148,0.00113221,0.015014959,0.000430366,0.255357981,0.00428999,0.099143662
245,0.149279236,0.459748317,0.014782057,0.001133729,0.015042908,0.000431105,0.25676646,0.00431551,0.098500677
246,0.14862541,0.459574531,0.014790077,0.001135033,0.015068016,0.000431761,0.258171995,0.004341065,0.097862112
247,0.147973564,0.459403421,0.014795514,0.001136127,0.015090312,0.000432335,0.259574069,0.004366649,0.09722801
248,0.147386524,0.458925226,0.014798359,0.001137014,0.01510982,0.000432827,0.260972172,0.004392258,0.0968458
249,0.147113969,0.45691418,0.014798172,0.001137692,0.015126532,0.000433238,0.262365802,0.004417887,0.097692528
250,0.146841349,0.454928682,0.014794832,0.001138151,0.015140377,0.000433569,0.26375445,0.004443531,0.098525058
251,0.14656878,0.452968827,0.014788436,0.001138388,0.015151306,0.000433818,0.265137599,0.004469186,0.09934366
252,0.146222612,0.451258853,0.014779061,0.001138398,0.015159291,0.000433983,0.266514728,0.004494846,0.099998228
253,0.145509764,0.450685132,0.01476707,0.001138185,0.015164337,0.000434063,0.267885313,0.004520507,0.099895631
254,0.144800304,0.450120875,0.014752607,0.001137756,0.015166501,0.000434059,0.269248842,0.004546163,0.099792893
255,0.144094328,0.449566348,0.014735668,0.001137119,0.015165835,0.000433972,0.270604816,0.004571809,0.099690103
256,0.143451664,0.44872193,0.014716265,0.001136278,0.015162384,0.000433804,0.271952748,0.004597442,0.099827485
257,0.143109906,0.446404473,0.014693992,0.001135234,0.015156161,0.000433557,0.273292159,0.004623055,0.101151462
258,0.142769284,0.444122259,0.014668754,0.001133979,0.015147121,0.00043323,0.274622572,0.004648646,0.102454156
259,0.142429901,0.441875168,0.014640667,0.00113251,0.015135238,0.000432823,0.275943504,0.004674207,0.103735981
260,0.141957432,0.43982611,0.01460983,0.001130828,0.015120507,0.000432336,0.277254471,0.004699736,0.10496875
261,0.140819563,0.438617457,0.014576477,0.001128933,0.015102948,0.000431767,0.278554994,0.004725228,0.106042632
262,0.139691594,0.437428591,0.014540729,0.001126834,0.015082611,0.000431119,0.279844603,0.004750676,0.107103243
263,0.138573535,0.436259589,0.014502627,0.001124536,0.015059548,0.000430391,0.28112284,0.004776078,0.108150857
264,0.137529041,0.435109049,0.014462217,0.001122044,0.015033809,0.000429586,0.282389259,0.004801427,0.109123568
265,0.13680983,0.433971546,0.014419596,0.001119363,0.015005448,0.000428706,0.283643428,0.004826721,0.109775361
266,0.136095506,0.432855148,0.014374833,0.0011165,0.014974527,0.000427752,0.284884927,0.004851955,0.110418852
267,0.135386124,0.431759877,0.014327974,0.001113458,0.014941102,0.000426726,0.286113351,0.004877124,0.111054262
268,0.134775863,0.430990824,0.01427907,0.001110244,0.014905233,0.000425631,0.287328308,0.004902225,0.111282603
269,0.134639418,0.431756465,0.01422872,0.001106866,0.01486701,0.000424469,0.288529419,0.004927254,0.109520378
270,0.134504537,0.432524963,0.01417714,0.001103343,0.014826597,0.000423242,0.289716337,0.004952207,0.107771635
271,0.13437129,0.433296554,0.01412428,0.001099687,0.014784131,0.000421957,0.29088874,0.004977081,0.106036281
272,0.13419104,0.43404204,0.014070123,0.001095906,0.014739726,0.000420616,0.292046338,0.005001872,0.104392338
273,0.133769806,0.434645224,0.014014591,0.001092008,0.014693468,0.000419224,0.293188857,0.005026579,0.103150243
274,0.133351598,0.43525371,0.013957677,0.001087994,0.014645424,0.000417783,0.294316042,0.005051198,0.101918573
275,0.132936459,0.435867664,0.013899426,0.001083867,0.014595653,0.000416296,0.295427652,0.005075727,0.100697256
276,0.132485705,0.436296439,0.013839886,0.001079632,0.014544213,0.000414764,0.296523455,0.005100163,0.099715742
277,0.131845607,0.435784062,0.013778789,0.001075287,0.014491142,0.000413189,0.297603234,0.005124503,0.099884187
278,0.131210525,0.435287462,0.013716093,0.001070829,0.014436433,0.000411571,0.298666771,0.005148746,0.10005157
279,0.130580474,0.434806633,0.013651911,0.001066257,0.014380096,0.00040991,0.299713853,0.005172888,0.100217979
280,0.129935923,0.434640619,0.013586341,0.001061571,0.014322153,0.000408205,0.300744269,0.005196927,0.100103991
281,0.129199448,0.435976849,0.013519898,0.001056779,0.014262666,0.000406457,0.301757815,0.00522086,0.098599227
282,0.128469252,0.437315233,0.013452784,0.001051893,0.014201762,0.000404669,0.302754308,0.005244686,0.097105413
283,0.127745323,0.438655939,0.013384983,0.001046924,0.01413955,0.000402842,0.303733587,0.005268402,0.09562245
284,0.127130059,0.439865103,0.0133165,0.001041881,0.014076123,0.000400982,0.304695512,0.005292006,0.094181833
285,0.127031039,0.44040902,0.013247232,0.001036769,0.014011555,0.000399089,0.305639961,0.005315496,0.092909839
286,0.126934303,0.440959695,0.01317717,0.001031589,0.013945894,0.000397168,0.306566822,0.005338872,0.091648488
287,0.126839881,0.4415172,0.013106371,0.001026344,0.013879186,0.000395219,0.307475995,0.005362131,0.090397673
288,0.12670925,0.441928356,0.013034888,0.001021036,0.013811481,0.000393243,0.308367388,0.005385271,0.089349086
289,0.126388703,0.441585975,0.012962527,0.001015668,0.013742813,0.000391243,0.309240918,0.005408292,0.089263862
290,0.126071306,0.441258708,0.012889265,0.001010235,0.013673184,0.000389217,0.310096507,0.005431192,0.089180385
291,0.125757071,0.440946486,0.012815202,0.001004738,0.013602608,0.000387167,0.310934076,0.00545397,0.089098682
292,0.125416066,0.440845879,0.012740421,0.000999178,0.01353111,0.000385093,0.311753551,0.005476624,0.088852077
293,0.124929217,0.441737754,0.01266525,0.000993561,0.013458741,0.000382995,0.312554865,0.005499152,0.087778464
294,0.124446698,0.44263583,0.012589827,0.000987895,0.013385591,0.000380874,0.313337965,0.005521554,0.086713767
295,0.123968495,0.443540152,0.01251416,0.000982189,0.01331174,0.000378734,0.314102813,0.005543828,0.085657889
296,0.123437736,0.444475992,0.012438267,0.000976449,0.013237259,0.000376576,0.314849388,0.005565974,0.084642361
297,0.122629111,0.445542968,0.012362169,0.000970678,0.013162211,0.000374402,0.31557768,0.005587991,0.083792791
298,0.121828274,0.446613859,0.012285893,0.000964882,0.013086653,0.000372215,0.316287691,0.005609877,0.082950655
299,0.121035156,0.447688712,0.012209471,0.000959064,0.013010639,0.000370016,0.316979436,0.005631633,0.082115873
300,0.120339156,0.448786689,0.012132937,0.000953226,0.012934218,0.000367808,0.317652934,0.005653258,0.081179773
301,0.120095587,0.449984427,0.012056412,0.000947374,0.012857443,0.00036559,0.31830822,0.005674752,0.079710195
302,0.119854977,0.451187626,0.011979953,0.000941512,0.012780378,0.000363366,0.318945335,0.005696113,0.07825074
303,0.119617318,0.452396298,0.011903579,0.000935643,0.012703078,0.000361136,0.319564333,0.005717343,0.076801271
304,0.119325006,0.453695281,0.011827311,0.000929773,0.012625595,0.000358903,0.320165278,0.00573844,0.075334412
305,0.118749117,0.455422555,0.011751246,0.000923903,0.012547981,0.000356667,0.320748242,0.005759405,0.073740883
306,0.118178482,0.457153246,0.011675431,0.00091804,0.012470294,0.000354431,0.321313309,0.005780238,0.072156529
307,0.117613054,0.458887377,0.011599878,0.000912186,0.012392585,0.000352195,0.321860571,0.005800939,0.070581216
308,0.117135516,0.460100116,0.011524603,0.000906344,0.0123149,0.000349961,0.322390129,0.005821508,0.069456923
309,0.117075378,0.458709205,0.011449007,0.000900513,0.012237243,0.000347731,0.32290209,0.005841945,0.070536888
310,0.117017689,0.457345228,0.011372935,0.000894679,0.012159532,0.000345503,0.323396553,0.00586225,0.071605631
311,0.116962447,0.456007801,0.011296534,0.000888835,0.012081713,0.000343275,0.323873602,0.005882424,0.072663369
312,0.116841358,0.454911588,0.011219917,0.000882977,0.012003759,0.000341046,0.32433331,0.005902466,0.073563577
313,0.116382425,0.454908167,0.011143398,0.000877109,0.01192568,0.000338814,0.324775751,0.005922376,0.07372628
314,0.11592773,0.4549174,0.01106711,0.000871237,0.011847525,0.000336579,0.325201001,0.005942154,0.073889264
315,0.11547724,0.454939142,0.010991068,0.000865367,0.011769344,0.000334342,0.325609147,0.005961799,0.074052551
316,0.114990629,0.454791211,0.010915286,0.000859503,0.011691181,0.000332104,0.326000283,0.005981313,0.07443849
317,0.114308131,0.453753643,0.01083954,0.000853648,0.011613061,0.000329868,0.326374511,0.006000694,0.075926904
318,0.113632087,0.452740176,0.010763782,0.000847799,0.011534975,0.000327634,0.326731932,0.006019943,0.077401674
319,0.112962429,0.451750446,0.010688084,0.000841954,0.01145692,0.000325401,0.327072648,0.00603906,0.078863058
320,0.112364711,0.450840681,0.010612505,0.000836115,0.011378906,0.00032317,0.327396759,0.006058045,0.080189107
321,0.112099555,0.450233701,0.010537199,0.000830283,0.011300958,0.000320941,0.327704367,0.006076899,0.080896097
322,0.111837357,0.449644898,0.010462237,0.000824464,0.011223115,0.000318715,0.327995582,0.006095621,0.08159801
323,0.111578095,0.449074009,0.010387634,0.000818661,0.011145418,0.000316493,0.328270518,0.006114212,0.08229496
324,0.111245504,0.44869511,0.010313405,0.000812877,0.011067902,0.000314276,0.328529298,0.006132673,0.082888955
325,0.110537072,0.449198519,0.010239725,0.000807117,0.01099061,0.000312065,0.32877205,0.006151003,0.082991839
326,0.109835452,0.449708545,0.010166655,0.000801386,0.010913603,0.000309863,0.328998912,0.006169203,0.083096381
327,0.109140561,0.450225084,0.01009418,0.00079569,0.010836932,0.00030767,0.329210032,0.006187274,0.083202577
328,0.108477396,0.45059362,0.010022294,0.00079003,0.01076064,0.000305488,0.329405567,0.006205217,0.083439747
329,0.10794521,0.450202664,0.00995084,0.000784409,0.010684751,0.000303319,0.329585679,0.006223032,0.084320096
330,0.107417832,0.449827135,0.009879775,0.000778823,0.010609265,0.000301163,0.329750531,0.006240721,0.085194756
331,0.106895204,0.449466772,0.009809139,0.000773272,0.010534184,0.000299021,0.329900286,0.006258283,0.086063838
332,0.10637165,0.449528919,0.009738964,0.000767755,0.010459517,0.000296891,0.330035106,0.006275721,0.086525477
333,0.105824828,0.451634656,0.009669713,0.000762278,0.010385303,0.000294776,0.330155156,0.006293034,0.084980257
334,0.105282922,0.453740891,0.009601536,0.00075685,0.010311641,0.000292675,0.330260614,0.006310223,0.083442649
335,0.10474587,0.455847596,0.00953436,0.000751481,0.010238608,0.000290591,0.330351672,0.00632729,0.081912531
336,0.104275656,0.457776011,0.009468138,0.000746174,0.010166264,0.000288527,0.330428537,0.006344237,0.080506455
337,0.104119081,0.458813815,0.009402681,0.000740931,0.01009464,0.000286485,0.330491423,0.006361064,0.07968988
338,0.103964718,0.459855493,0.009337922,0.000735749,0.010023738,0.000284465,0.330540545,0.006377772,0.078879598
339,0.103812537,0.460900934,0.009273875,0.000730627,0.009953558,0.000282468,0.330576117,0.006394364,0.078075521
340,0.10361026,0.461797,0.009210553,0.000725563,0.009884103,0.000280494,0.330598352,0.00641084,0.077482835
341,0.103150029,0.461935845,0.009147781,0.000720555,0.009815365,0.000278542,0.330607464,0.006427202,0.077917217
342,0.102693739,0.462083777,0.009085515,0.000715599,0.009747314,0.000276611,0.330603658,0.006443451,0.078350337
343,0.102241337,0.462240604,0.009023796,0.000710691,0.009679926,0.000274701,0.330587134,0.006459588,0.078782222
344,0.101794805,0.462549624,0.008962656,0.000705831,0.00961319,0.000272811,0.330558087,0.006475614,0.079067382
345,0.101362157,0.463580729,0.008902262,0.000701019,0.009547108,0.000270939,0.330516711,0.006491531,0.078627544
346,0.10093314,0.464614517,0.008842673,0.000696259,0.009481705,0.000269087,0.330463199,0.006507339,0.078192082
347,0.100507705,0.465650886,0.008783872,0.000691552,0.009417002,0.000267254,0.330397749,0.00652304,0.077760939
348,0.100051481,0.466801465,0.008725848,0.000686902,0.009353016,0.000265441,0.330320561,0.006538635,0.077256649
349,0.099428424,0.468510545,0.008668687,0.000682309,0.009289765,0.000263649,0.330231838,0.006554125,0.076370658
350,0.098810943,0.470218166,0.008612408,0.000677776,0.009227276,0.000261878,0.330131784,0.006569512,0.075490258
351,0.098198961,0.471924269,0.00855699,0.000673305,0.009165568,0.00026013,0.330020609,0.006584796,0.074615372
352,0.097588129,0.47323396,0.008502416,0.000668898,0.009104658,0.000258404,0.329898524,0.00659998,0.074145031
353,0.096961471,0.472580745,0.008448299,0.000664551,0.009044531,0.000256702,0.32976574,0.006615064,0.075662897
354,0.096340412,0.471942801,0.008394524,0.000660255,0.008985121,0.000255023,0.329622459,0.00663005,0.077169356
355,0.095724879,0.471319832,0.008341158,0.000656005,0.008926377,0.000253364,0.329468871,0.006644939,0.078664576
356,0.095169497,0.471064021,0.008288251,0.000651797,0.008868267,0.000251724,0.329305154,0.006659732,0.079741558
357,0.094891276,0.472575638,0.008236187,0.000647632,0.008810789,0.000250101,0.329131485,0.00667443,0.078782461
358,0.094615324,0.474087292,0.008185091,0.00064352,0.008753999,0.000248497,0.328948041,0.006689034,0.077829202
359,0.094341608,0.475598908,0.008134911,0.000639464,0.008697939,0.000246913,0.328755011,0.006703546,0.0768817
