t, NCL , NCS , NCE , NCIS, NCIA, NCH , NCR , NCD , NCV 
0,0.266260097,0.463606046,0.00067033,0.00009283,0.00120986,0.000134158,0.266125939,0.00190074,0
1,0.266174788,0.464659878,0.000763672,0.000082945,0.001137632,0.000092978,0.26490159,0.001903993,0.000282523
2,0.266094013,0.465716449,0.000829215,0.000077277,0.00108894,0.000067438,0.263656821,0.001906588,0.000563258
3,0.266016206,0.466772815,0.000875885,0.000074241,0.001056518,0.000051672,0.262401657,0.001908782,0.000842225
4,0.265940304,0.467826991,0.00090974,0.000072819,0.001035388,0.00004201,0.261142568,0.001910738,0.00111944
5,0.265865588,0.468877636,0.000934903,0.000072368,0.001022134,0.000036157,0.25988374,0.001912556,0.001394919
6,0.265791565,0.469923847,0.000954177,0.000072484,0.001014404,0.000032673,0.258627882,0.001914296,0.001668672
7,0.265717897,0.470965015,0.000969475,0.000072918,0.001010579,0.000030657,0.257376749,0.001915998,0.001940711
8,0.265644354,0.472000729,0.000982103,0.000073519,0.001009538,0.000029547,0.25613148,0.001917683,0.002211047
9,0.265570773,0.473030712,0.000992955,0.000074199,0.001010506,0.00002899,0.254892811,0.001919365,0.002479689
10,0.265497039,0.47405478,0.001002642,0.000074906,0.001012944,0.000028769,0.253661218,0.001921053,0.002746648
11,0.265423071,0.475072809,0.001011587,0.000075615,0.001016478,0.000028749,0.252437009,0.00192275,0.003011932
12,0.265348809,0.476084716,0.001020079,0.000076314,0.001020845,0.000028846,0.25122038,0.00192446,0.003275552
13,0.265274208,0.477090446,0.001028319,0.000076997,0.001025863,0.000029011,0.250011456,0.001926183,0.003537517
14,0.265199232,0.478089965,0.001036446,0.000077666,0.001031404,0.000029214,0.248810317,0.00192792,0.003797835
15,0.265123853,0.47908325,0.001044559,0.000078324,0.001037376,0.000029437,0.247617012,0.001929671,0.004056518
16,0.265048046,0.480070287,0.001052726,0.000078973,0.001043718,0.000029671,0.24643157,0.001931437,0.004313572
17,0.264971791,0.481051068,0.001060995,0.000079618,0.001050385,0.00002991,0.245254007,0.001933217,0.004569009
18,0.264895069,0.482025588,0.001069402,0.000080262,0.001057346,0.000030151,0.244084335,0.001935012,0.004822836
19,0.264817862,0.482993845,0.001077971,0.000080908,0.00106458,0.000030395,0.242922556,0.001936821,0.005075062
20,0.264740154,0.483955839,0.001086721,0.00008156,0.001072072,0.00003064,0.241768673,0.001938645,0.005325696
21,0.264661928,0.484911571,0.001095668,0.00008222,0.001079812,0.000030887,0.240622684,0.001940484,0.005574746
22,0.264583168,0.485861041,0.001104821,0.00008289,0.001087794,0.000031137,0.23948459,0.001942337,0.005822222
23,0.264503859,0.486804251,0.001114189,0.000083572,0.001096014,0.00003139,0.238354388,0.001944206,0.006068132
24,0.264423985,0.487741202,0.00112378,0.000084266,0.00110447,0.000031647,0.237232077,0.001946089,0.006312483
25,0.264343531,0.488671894,0.0011336,0.000084975,0.001113162,0.000031909,0.236117656,0.001947989,0.006555284
26,0.264262481,0.489596329,0.001143655,0.000085699,0.00112209,0.000032175,0.235011123,0.001949905,0.006796544
27,0.264180819,0.490514507,0.001153949,0.000086438,0.001131255,0.000032447,0.233912478,0.001951837,0.00703627
28,0.264098529,0.491426429,0.001164487,0.000087195,0.001140659,0.000032724,0.232821722,0.001953785,0.00727447
29,0.264015595,0.492332093,0.001175274,0.000087969,0.001150305,0.000033007,0.231738855,0.001955751,0.007511151
30,0.263932001,0.493231499,0.001186314,0.00008876,0.001160194,0.000033297,0.230663878,0.001957734,0.007746323
31,0.26384773,0.494124645,0.001197611,0.00008957,0.00117033,0.000033593,0.229596794,0.001959735,0.007979991
32,0.263762766,0.495011531,0.001209171,0.000090399,0.001180716,0.000033896,0.228537603,0.001961754,0.008212164
33,0.263677091,0.495892152,0.001220996,0.000091247,0.001191355,0.000034206,0.227486311,0.001963792,0.008442849
34,0.263590689,0.496766508,0.001233093,0.000092114,0.001202251,0.000034523,0.22644292,0.001965849,0.008672054
35,0.263503542,0.497634593,0.001245464,0.000093001,0.001213407,0.000034848,0.225407436,0.001967926,0.008899784
36,0.263415632,0.498496403,0.001258114,0.000093909,0.001224828,0.000035179,0.224379863,0.001970022,0.009126048
37,0.263326943,0.499351935,0.001271049,0.000094838,0.001236516,0.000035519,0.223360208,0.001972139,0.009350853
38,0.263237455,0.500201183,0.001284272,0.000095787,0.001248477,0.000035866,0.222348477,0.001974277,0.009574205
39,0.26314715,0.501044141,0.00129779,0.000096758,0.001260715,0.000036221,0.221344678,0.001976437,0.009796111
40,0.263056009,0.501880802,0.001311605,0.000097751,0.001273233,0.000036584,0.22034882,0.001978618,0.010016577
41,0.262964015,0.50271116,0.001325724,0.000098766,0.001286037,0.000036956,0.219360911,0.001980821,0.010235611
42,0.262871147,0.503535206,0.001340152,0.000099803,0.00129913,0.000037335,0.218380961,0.001983048,0.010453218
43,0.262777386,0.504352932,0.001354894,0.000100863,0.001312518,0.000037724,0.217408981,0.001985298,0.010669405
44,0.262682712,0.505164329,0.001369955,0.000101947,0.001326205,0.00003812,0.216444983,0.001987572,0.010884178
45,0.262587105,0.505969386,0.00138534,0.000103054,0.001340196,0.000038526,0.215488979,0.00198987,0.011097543
46,0.262490546,0.506768094,0.001401055,0.000104186,0.001354497,0.00003894,0.214540982,0.001992193,0.011309507
47,0.262393012,0.507560441,0.001417106,0.000105342,0.001369111,0.000039364,0.213601007,0.001994542,0.011520075
48,0.262294484,0.508346415,0.001433499,0.000106523,0.001384046,0.000039797,0.212669069,0.001996916,0.011729252
49,0.262194939,0.509126003,0.001450239,0.000107729,0.001399305,0.000040239,0.211745183,0.001999318,0.011937045
50,0.262094356,0.509899192,0.001467333,0.000108961,0.001414894,0.00004069,0.210829367,0.002001746,0.012143459
51,0.261992714,0.510665967,0.001484787,0.000110219,0.00143082,0.000041152,0.209921639,0.002004202,0.0123485
52,0.261889989,0.511426314,0.001502606,0.000111504,0.001447088,0.000041623,0.209022017,0.002006687,0.012552173
53,0.26178616,0.512180215,0.001520798,0.000112817,0.001463703,0.000042104,0.208130521,0.002009201,0.012754482
54,0.261681202,0.512927656,0.001539368,0.000114156,0.001480671,0.000042595,0.207247172,0.002011744,0.012955434
55,0.261575093,0.513668618,0.001558324,0.000115524,0.001498,0.000043097,0.206371993,0.002014317,0.013155034
56,0.261467809,0.514403083,0.001577672,0.000116921,0.001515694,0.00004361,0.205505005,0.002016922,0.013353285
57,0.261359325,0.515131032,0.00159742,0.000118346,0.00153376,0.000044133,0.204646234,0.002019557,0.013550193
58,0.261249617,0.515852444,0.001617574,0.000119802,0.001552205,0.000044667,0.203795703,0.002022225,0.013745763
59,0.26113866,0.516567299,0.001638141,0.000121287,0.001571036,0.000045212,0.20295344,0.002024926,0.01394
60,0.261026429,0.517275575,0.001659129,0.000122803,0.001590259,0.000045768,0.202119471,0.00202766,0.014132906
61,0.260912897,0.517977249,0.001680545,0.00012435,0.00160988,0.000046336,0.201293826,0.002030428,0.014324488
62,0.26079804,0.518672298,0.001702396,0.000125929,0.001629907,0.000046916,0.200476533,0.002033231,0.014514749
63,0.260681829,0.519360697,0.001724692,0.000127541,0.001650348,0.000047508,0.199667623,0.00203607,0.014703694
64,0.260564238,0.52004242,0.001747438,0.000129185,0.001671209,0.000048111,0.198867129,0.002038945,0.014891325
65,0.26044524,0.520717441,0.001770644,0.000130862,0.001692497,0.000048728,0.198075083,0.002041857,0.015077648
66,0.260324806,0.521385734,0.001794317,0.000132574,0.001714221,0.000049356,0.197291519,0.002044807,0.015262666
67,0.260202908,0.522047268,0.001818466,0.000134321,0.001736388,0.000049998,0.196516474,0.002047796,0.015446382
68,0.260079518,0.522702016,0.001843099,0.000136102,0.001759005,0.000050652,0.195749985,0.002050824,0.0156288
69,0.259954605,0.523349946,0.001868224,0.00013792,0.001782081,0.00005132,0.194992088,0.002053892,0.015809924
70,0.259828141,0.523991027,0.001893851,0.000139774,0.001805624,0.000052001,0.194242825,0.002057001,0.015989757
71,0.259700096,0.524625226,0.001919987,0.000141665,0.001829642,0.000052696,0.193502235,0.002060151,0.016168301
72,0.259570437,0.525252511,0.001946643,0.000143594,0.001854143,0.000053405,0.192770361,0.002063345,0.01634556
73,0.259439135,0.525872847,0.001973827,0.000145562,0.001879137,0.000054128,0.192047246,0.002066582,0.016521538
74,0.259306157,0.526486198,0.002001548,0.000147568,0.00190463,0.000054866,0.191332935,0.002069863,0.016696235
75,0.259171471,0.527092527,0.002029815,0.000149615,0.001930633,0.000055618,0.190627474,0.00207319,0.016869656
76,0.259035045,0.527691797,0.002058639,0.000151702,0.001957154,0.000056386,0.189930912,0.002076562,0.017041803
77,0.258896846,0.528283968,0.002088028,0.000153831,0.001984203,0.000057168,0.189243297,0.002079982,0.017212678
78,0.258756839,0.528869001,0.002117994,0.000156001,0.002011787,0.000057966,0.188564679,0.002083449,0.017382284
79,0.25861499,0.529446855,0.002148544,0.000158214,0.002039918,0.00005878,0.187895111,0.002086966,0.017550622
80,0.258471265,0.530017487,0.00217969,0.000160471,0.002068604,0.00005961,0.187234646,0.002090532,0.017717695
81,0.258325628,0.530580854,0.002211442,0.000162771,0.002097855,0.000060456,0.186583339,0.00209415,0.017883505
82,0.258178044,0.531136911,0.002243809,0.000165117,0.002127681,0.000061319,0.185941247,0.002097819,0.018048052
83,0.258028476,0.531685613,0.002276803,0.000167508,0.002158091,0.000062198,0.185308428,0.002101541,0.01821134
84,0.257876888,0.532226912,0.002310434,0.000169946,0.002189096,0.000063095,0.184684941,0.002105317,0.01837337
85,0.25772324,0.532760762,0.002344713,0.000172432,0.002220706,0.00006401,0.184070848,0.002109148,0.018534142
86,0.257567497,0.533287111,0.00237965,0.000174965,0.002252931,0.000064942,0.183466212,0.002113035,0.018693658
87,0.257409618,0.533805911,0.002415256,0.000177547,0.002285782,0.000065892,0.182871096,0.002116979,0.018851919
88,0.257249566,0.534317109,0.002451543,0.000180179,0.002319269,0.00006686,0.182285567,0.002120981,0.019008927
89,0.257087299,0.534820652,0.002488521,0.000182861,0.002353402,0.000067848,0.181709693,0.002125042,0.019164681
90,0.256922779,0.535316486,0.002526201,0.000185595,0.002388193,0.000068854,0.181143543,0.002129164,0.019319184
91,0.256755963,0.535804556,0.002564596,0.000188381,0.002423653,0.000069879,0.180587188,0.002133348,0.019472434
92,0.256586811,0.536284806,0.002603717,0.000191221,0.002459793,0.000070925,0.1800407,0.002137594,0.019624433
93,0.256415281,0.536757177,0.002643574,0.000194114,0.002496623,0.00007199,0.179504155,0.002141905,0.019775181
94,0.256241329,0.537221611,0.00268418,0.000197062,0.002534156,0.000073075,0.178977627,0.002146281,0.019924679
95,0.256064914,0.537678047,0.002725547,0.000200065,0.002572402,0.000074181,0.178461196,0.002150723,0.020072925
96,0.25588599,0.538126424,0.002767686,0.000203126,0.002611374,0.000075308,0.17795494,0.002155232,0.02021992
97,0.255704514,0.53856668,0.002810609,0.000206243,0.002651082,0.000076456,0.17745894,0.002159811,0.020365665
98,0.255520441,0.538998749,0.002854328,0.00020942,0.002691538,0.000077626,0.176973281,0.00216446,0.020510157
99,0.255333725,0.539422568,0.002898855,0.000212655,0.002732755,0.000078818,0.176498046,0.002169181,0.020653397
100,0.255144321,0.53983807,0.002944202,0.000215951,0.002774744,0.000080032,0.176033322,0.002173974,0.020795384
101,0.254952181,0.540245187,0.002990382,0.000219307,0.002817517,0.000081269,0.175579197,0.002178842,0.020936118
102,0.254757259,0.54064385,0.003037406,0.000222726,0.002861086,0.000082529,0.175135762,0.002183786,0.021075597
103,0.254559506,0.54103399,0.003085287,0.000226208,0.002905463,0.000083812,0.174703108,0.002188806,0.02121382
104,0.254358875,0.541415534,0.003134036,0.000229753,0.002950661,0.000085119,0.17428133,0.002193905,0.021350786
105,0.254155316,0.541788412,0.003183666,0.000233364,0.002996692,0.00008645,0.173870522,0.002199084,0.021486493
106,0.253948781,0.54215255,0.00323419,0.00023704,0.003043568,0.000087805,0.173470781,0.002204344,0.021620941
107,0.253739219,0.542507872,0.003285619,0.000240783,0.003091301,0.000089185,0.173082207,0.002209687,0.021754127
108,0.253526579,0.542854303,0.003337965,0.000244593,0.003139904,0.000090591,0.172704901,0.002215115,0.021886049
109,0.253310811,0.543191766,0.003391241,0.000248472,0.003189389,0.000092021,0.172338964,0.002220628,0.022016706
110,0.253091864,0.543520184,0.003445459,0.000252421,0.003239768,0.000093478,0.171984502,0.002226229,0.022146096
111,0.252869684,0.543839476,0.00350063,0.00025644,0.003291054,0.00009496,0.17164162,0.002231919,0.022274216
112,0.25264422,0.544149564,0.003556767,0.00026053,0.00334326,0.00009647,0.171310426,0.002237699,0.022401063
113,0.252415418,0.544450365,0.003613882,0.000264693,0.003396397,0.000098006,0.17099103,0.002243572,0.022526637
114,0.252183226,0.544741798,0.003671986,0.000268929,0.003450478,0.000099569,0.170683543,0.002249538,0.022650933
115,0.251947589,0.54502378,0.003731091,0.000273239,0.003505515,0.00010116,0.170388078,0.0022556,0.022773949
116,0.251708452,0.545296226,0.003791208,0.000277624,0.003561521,0.000102779,0.170104749,0.002261759,0.022895682
117,0.251465761,0.545559052,0.003852349,0.000282084,0.003618507,0.000104426,0.169833673,0.002268017,0.02301613
118,0.251219461,0.545812173,0.003914525,0.000286622,0.003676485,0.000106102,0.169574967,0.002274376,0.023135288
119,0.250969497,0.546055501,0.003977747,0.000291238,0.003735469,0.000107807,0.169328752,0.002280836,0.023253154
120,0.250715811,0.546288949,0.004042026,0.000295932,0.003795468,0.000109541,0.169095148,0.002287401,0.023369725
121,0.250458348,0.54651243,0.004107371,0.000300705,0.003856496,0.000111305,0.168874278,0.002294072,0.023484996
122,0.250197051,0.546725854,0.004173795,0.000305559,0.003918564,0.000113099,0.168666266,0.00230085,0.023598964
123,0.249931863,0.546929133,0.004241305,0.000310494,0.003981682,0.000114923,0.168471237,0.002307737,0.023711626
124,0.249662727,0.547122176,0.004309913,0.00031551,0.004045863,0.000116778,0.168289319,0.002314736,0.023822978
125,0.249389586,0.547304894,0.004379628,0.00032061,0.004111117,0.000118663,0.16812064,0.002321848,0.023933015
126,0.249112382,0.547477196,0.004450458,0.000325792,0.004177454,0.00012058,0.16796533,0.002329074,0.024041733
127,0.248831056,0.54763899,0.004522413,0.00033106,0.004244886,0.000122529,0.167823519,0.002336418,0.024149129
128,0.248545552,0.547790185,0.004595501,0.000336412,0.004313423,0.000124509,0.16769534,0.00234388,0.024255197
129,0.248255811,0.547930691,0.004669729,0.000341849,0.004383075,0.000126522,0.167580927,0.002351463,0.024359934
130,0.247961774,0.548060414,0.004745105,0.000347373,0.00445385,0.000128567,0.167480414,0.002359168,0.024463336
131,0.247663383,0.548179263,0.004821636,0.000352984,0.004525759,0.000130644,0.167393935,0.002366998,0.024565396
132,0.247360581,0.548287147,0.004899329,0.000358682,0.004598811,0.000132755,0.167321629,0.002374955,0.024666112
133,0.247053308,0.548383974,0.004978189,0.000364469,0.004673013,0.000134898,0.167263631,0.002383039,0.024765478
134,0.246741507,0.548469652,0.005058223,0.000370344,0.004748375,0.000137075,0.167220081,0.002391255,0.024863489
135,0.24642512,0.548544091,0.005139433,0.000376308,0.004824903,0.000139286,0.167191116,0.002399602,0.02496014
136,0.246104089,0.5486072,0.005221826,0.000382362,0.004902605,0.000141531,0.167176877,0.002408084,0.025055427
137,0.245778355,0.548658889,0.005305404,0.000388506,0.004981487,0.000143809,0.167177503,0.002416703,0.025149344
138,0.245447862,0.548699068,0.00539017,0.00039474,0.005061556,0.000146122,0.167193135,0.00242546,0.025241887
139,0.245112553,0.548727649,0.005476126,0.000401065,0.005142818,0.000148469,0.167223913,0.002434357,0.02533305
140,0.24477237,0.548744543,0.005563274,0.000407481,0.005225277,0.00015085,0.167269978,0.002443397,0.025422828
141,0.244427258,0.548749665,0.005651615,0.000413988,0.005308938,0.000153266,0.167331472,0.002452582,0.025511216
142,0.244077161,0.548742927,0.005741147,0.000420587,0.005393804,0.000155717,0.167408535,0.002461913,0.02559821
143,0.243722023,0.548724247,0.00583187,0.000427277,0.005479878,0.000158202,0.167501308,0.002471393,0.025683802
144,0.243361789,0.54869354,0.005923782,0.000434058,0.005567164,0.000160722,0.167609931,0.002481024,0.02576799
145,0.242996406,0.548650725,0.006016881,0.000440931,0.005655662,0.000163277,0.167734544,0.002490807,0.025850766
146,0.24262582,0.548595722,0.006111161,0.000447896,0.005745374,0.000165867,0.167875288,0.002500746,0.025932127
147,0.242249979,0.548528453,0.006206618,0.000454951,0.005836298,0.000168492,0.1680323,0.002510841,0.026012066
148,0.241868831,0.548448842,0.006303247,0.000462098,0.005928435,0.000171151,0.16820572,0.002521096,0.02609058
149,0.241482325,0.548356816,0.006401041,0.000469335,0.006021783,0.000173846,0.168395682,0.002531511,0.026167662
150,0.241090411,0.548252302,0.00649999,0.000476663,0.006116338,0.000176575,0.168602324,0.00254209,0.026243307
151,0.240693041,0.548135231,0.006600087,0.000484081,0.006212098,0.000179338,0.168825779,0.002552834,0.026317512
152,0.240290167,0.548005537,0.00670132,0.000491588,0.006309058,0.000182136,0.16906618,0.002563745,0.02639027
153,0.239881743,0.547863156,0.006803678,0.000499184,0.006407211,0.000184968,0.169323658,0.002574825,0.026461576
154,0.239467724,0.547708027,0.006907148,0.000506867,0.006506552,0.000187835,0.169598343,0.002586076,0.026531428
155,0.239048067,0.547540093,0.007011717,0.000514639,0.006607072,0.000190735,0.16989036,0.0025975,0.026599818
156,0.238622728,0.547359299,0.007117367,0.000522496,0.006708762,0.000193668,0.170199836,0.0026091,0.026666744
157,0.238191668,0.547165595,0.007224083,0.000530439,0.006811612,0.000196635,0.170526891,0.002620877,0.0267322
158,0.237754848,0.546958934,0.007331846,0.000538466,0.006915612,0.000199634,0.170871645,0.002632832,0.026796183
159,0.23731223,0.546739272,0.007440637,0.000546577,0.007020747,0.000202666,0.171234214,0.002644969,0.026858688
160,0.236863778,0.546506572,0.007550434,0.000554769,0.007127004,0.00020573,0.171614713,0.002657288,0.026919712
161,0.23640946,0.546260797,0.007661215,0.000563041,0.007234368,0.000208826,0.172013249,0.002669792,0.02697925
162,0.235949244,0.546001919,0.007772956,0.000571393,0.007342823,0.000211953,0.17242993,0.002682483,0.027037299
163,0.2354831,0.545729912,0.007885631,0.000579822,0.00745235,0.00021511,0.172864858,0.002695361,0.027093857
164,0.235011,0.545444755,0.007999213,0.000588326,0.007562929,0.000218297,0.173318131,0.00270843,0.027148918
165,0.23453292,0.545146433,0.008113673,0.000596905,0.00767454,0.000221514,0.173789842,0.00272169,0.027202482
166,0.234048838,0.544834937,0.008228981,0.000605555,0.007787162,0.000224759,0.174280081,0.002735143,0.027254545
167,0.233558731,0.544510261,0.008345104,0.000614275,0.007900768,0.000228032,0.174788931,0.002748792,0.027305105
168,0.233062584,0.544172407,0.008462009,0.000623062,0.008015335,0.000231333,0.175316473,0.002762637,0.02735416
169,0.232560379,0.543821383,0.008579661,0.000631915,0.008130836,0.00023466,0.175862778,0.00277668,0.027401708
170,0.232052106,0.543457201,0.008698022,0.00064083,0.008247241,0.000238012,0.176427917,0.002790922,0.027447748
171,0.231537754,0.543079882,0.008817054,0.000649805,0.008364521,0.00024139,0.177011949,0.002805366,0.027492278
172,0.231017316,0.542689452,0.008936717,0.000658838,0.008482644,0.000244791,0.177614932,0.002820011,0.027535298
173,0.230490788,0.542285944,0.009056968,0.000667926,0.008601577,0.000248215,0.178236914,0.002834861,0.027576808
174,0.22995817,0.541869398,0.009177764,0.000677066,0.008721283,0.00025166,0.178877938,0.002849915,0.027616806
175,0.229419463,0.541439862,0.009299059,0.000686254,0.008841728,0.000255126,0.17953804,0.002865175,0.027655295
176,0.228874673,0.540997389,0.009420806,0.000695487,0.008962872,0.000258612,0.180217246,0.002880642,0.027692273
177,0.228323809,0.540542042,0.009542956,0.000704763,0.009084674,0.000262116,0.180915579,0.002896317,0.027727744
178,0.227766882,0.540073891,0.009665459,0.000714077,0.009207095,0.000265638,0.181633051,0.002912201,0.027761707
179,0.227203909,0.539593014,0.009788262,0.000723426,0.009330089,0.000269175,0.182369665,0.002928295,0.027794166
180,0.226634908,0.539099495,0.009911312,0.000732806,0.009453611,0.000272726,0.183125419,0.0029446,0.027825123
181,0.226059902,0.53859343,0.010034554,0.000742214,0.009577615,0.000276291,0.183900299,0.002961116,0.02785458
182,0.225478916,0.538074919,0.01015793,0.000751645,0.009702053,0.000279867,0.184694284,0.002977844,0.027882542
183,0.224891982,0.537544075,0.010281382,0.000761096,0.009826873,0.000283454,0.185507342,0.002994784,0.027909012
184,0.224299132,0.537001016,0.01040485,0.000770562,0.009952024,0.000287049,0.186339434,0.003011938,0.027933994
185,0.223700404,0.536445871,0.010528272,0.000780038,0.010077453,0.000290652,0.18719051,0.003029305,0.027957495
186,0.22309584,0.535878776,0.010651586,0.000789521,0.010203104,0.00029426,0.188060509,0.003046885,0.027979518
187,0.222485484,0.535299878,0.010774727,0.000799005,0.010328921,0.000297872,0.188949361,0.003064679,0.028000072
188,0.221869386,0.534709332,0.010897631,0.000808487,0.010454845,0.000301486,0.189856984,0.003082687,0.028019161
189,0.2212476,0.534107302,0.011020229,0.000817961,0.010580817,0.0003051,0.190783288,0.003100909,0.028036794
190,0.220620182,0.533493961,0.011142454,0.000827422,0.010706775,0.000308713,0.19172817,0.003119344,0.028052978
191,0.219987193,0.532869493,0.011264237,0.000836865,0.010832657,0.000312323,0.192691516,0.003137992,0.028067723
192,0.2193487,0.53223409,0.011385508,0.000846286,0.010958399,0.000315928,0.193673201,0.003156853,0.028081036
193,0.21870477,0.531587953,0.011506195,0.000855679,0.011083934,0.000319526,0.194673088,0.003175927,0.028092927
194,0.218055479,0.530931294,0.011626228,0.000865038,0.011209197,0.000323115,0.19569103,0.003195212,0.028103408
195,0.217400904,0.530264332,0.011745531,0.000874359,0.01133412,0.000326693,0.196726865,0.003214708,0.028112488
196,0.216741126,0.529587299,0.011864033,0.000883635,0.011458634,0.000330258,0.197780422,0.003234414,0.02812018
197,0.216076231,0.528900432,0.011981659,0.000892863,0.011582668,0.000333808,0.198851515,0.003254329,0.028126495
198,0.215406308,0.528203982,0.012098335,0.000902035,0.011706151,0.000337341,0.199939949,0.003274452,0.028131447
199,0.214731453,0.527498205,0.012213985,0.000911146,0.011829013,0.000340854,0.201045514,0.003294782,0.028135048
200,0.214051762,0.526783368,0.012328533,0.000920191,0.011951178,0.000344347,0.202167989,0.003315317,0.028137314
201,0.213367338,0.526059748,0.012441906,0.000929164,0.012072575,0.000347816,0.203307138,0.003336056,0.028138259
202,0.212678286,0.525327631,0.012554025,0.000938059,0.012193129,0.00035126,0.204462716,0.003356997,0.028137897
203,0.211984716,0.52458731,0.012664817,0.000946871,0.012312765,0.000354676,0.205634462,0.003378138,0.028136246
204,0.211286741,0.523839088,0.012774205,0.000955593,0.012431408,0.000358062,0.206822104,0.003399479,0.028133322
205,0.210584478,0.523083276,0.012882114,0.00096422,0.012548982,0.000361416,0.208025357,0.003421015,0.028129143
206,0.209878049,0.522320195,0.012988469,0.000972746,0.012665411,0.000364735,0.209243922,0.003442747,0.028123726
207,0.209167578,0.521550173,0.013093196,0.000981165,0.01278062,0.000368018,0.210477491,0.00346467,0.028117089
208,0.208453192,0.520773545,0.013196221,0.000989472,0.012894532,0.000371263,0.211725739,0.003486783,0.028109254
209,0.207735022,0.519990656,0.013297471,0.000997661,0.013007071,0.000374466,0.212988331,0.003509084,0.028100238
210,0.207013205,0.519201858,0.013396874,0.001005725,0.013118163,0.000377627,0.214264918,0.003531568,0.028090063
211,0.206287876,0.518407507,0.013494358,0.001013661,0.01322773,0.000380742,0.215555141,0.003554235,0.028078749
212,0.205559177,0.517607972,0.013589855,0.001021461,0.013335699,0.000383809,0.216858627,0.003577081,0.028066319
213,0.204827253,0.516803623,0.013683294,0.00102912,0.013441995,0.000386827,0.218174991,0.003600102,0.028052794
214,0.204092248,0.51599484,0.013774609,0.001036634,0.013546544,0.000389794,0.219503837,0.003623296,0.028038198
215,0.203354314,0.515182007,0.013863733,0.001043996,0.013649273,0.000392707,0.220844757,0.00364666,0.028022554
216,0.202613601,0.514365516,0.013950603,0.001051201,0.01375011,0.000395563,0.222197331,0.003670189,0.028005885
217,0.201870264,0.513545762,0.014035156,0.001058244,0.013848985,0.000398362,0.22356113,0.003693881,0.027988216
218,0.201124459,0.512723146,0.014117331,0.001065121,0.013945827,0.000401101,0.224935711,0.003717731,0.027969572
219,0.200376345,0.511898074,0.01419707,0.001071826,0.014040568,0.000403778,0.226320624,0.003741737,0.027949978
220,0.199626083,0.511070956,0.014274316,0.001078353,0.014133141,0.000406392,0.227715405,0.003765894,0.02792946
221,0.198873834,0.510242206,0.014349015,0.0010847,0.014223481,0.000408939,0.229119583,0.003790198,0.027908044
222,0.198119763,0.50941224,0.014421114,0.001090861,0.014311523,0.00041142,0.230532676,0.003814645,0.027885757
223,0.197364035,0.50858148,0.014490565,0.001096831,0.014397207,0.000413831,0.231954194,0.003839231,0.027862626
224,0.196606817,0.507750347,0.014557319,0.001102608,0.01448047,0.000416171,0.233383637,0.003863951,0.027838679
225,0.195848276,0.506919267,0.014621333,0.001108186,0.014561256,0.000418438,0.234820498,0.003888802,0.027813943
226,0.195088581,0.506088667,0.014682564,0.001113561,0.014639509,0.000420632,0.236264261,0.003913779,0.027788447
227,0.194327901,0.505258975,0.014740973,0.001118731,0.014715173,0.000422749,0.237714403,0.003938877,0.027762218
228,0.193566405,0.504430619,0.014796524,0.001123692,0.014788199,0.00042479,0.239170394,0.003964091,0.027735286
229,0.192804265,0.503604029,0.014849183,0.00112844,0.014858537,0.000426752,0.240631697,0.003989418,0.027707679
230,0.19204165,0.502779634,0.01489892,0.001132972,0.01492614,0.000428634,0.242097771,0.004014851,0.027679427
231,0.191278731,0.501957863,0.014945707,0.001137287,0.014990965,0.000430435,0.243568066,0.004040387,0.027650558
232,0.190515678,0.501139142,0.014989521,0.00114138,0.01505297,0.000432154,0.245042031,0.00406602,0.027621104
233,0.18975266,0.500323898,0.015030339,0.00114525,0.015112116,0.00043379,0.246519109,0.004091745,0.027591092
234,0.188989848,0.499512556,0.015068143,0.001148894,0.015168368,0.000435342,0.247998738,0.004117558,0.027560554
235,0.188227408,0.498705537,0.015102918,0.001152311,0.015221693,0.000436808,0.249480353,0.004143453,0.027529519
236,0.187465509,0.49790326,0.015134653,0.001155499,0.01527206,0.000438189,0.250963389,0.004169425,0.027498016
237,0.186704316,0.497106142,0.015163338,0.001158456,0.015319444,0.000439483,0.252447276,0.004195469,0.027466076
238,0.185943996,0.496314593,0.015188967,0.001161182,0.015363819,0.000440689,0.253931443,0.00422158,0.027433729
239,0.185184712,0.495529022,0.01521154,0.001163675,0.015405166,0.000441808,0.255415319,0.004247753,0.027401005
240,0.184426626,0.494749833,0.015231055,0.001165934,0.015443466,0.000442839,0.256898332,0.004273981,0.027367933
241,0.183669897,0.493977424,0.015247518,0.00116796,0.015478705,0.00044378,0.25837991,0.004300261,0.027334544
242,0.182914685,0.493212188,0.015260934,0.001169751,0.01551087,0.000444633,0.259859483,0.004326587,0.027300867
243,0.182161146,0.492454513,0.015271315,0.001171309,0.015539955,0.000445397,0.26133648,0.004352953,0.027266932
244,0.181409433,0.491704779,0.015278674,0.001172632,0.015565953,0.000446072,0.262810334,0.004379354,0.027232768
245,0.180659698,0.490963362,0.015283026,0.001173722,0.015588863,0.000446658,0.26428048,0.004405786,0.027198405
246,0.179912091,0.490230629,0.01528439,0.001174579,0.015608685,0.000447154,0.265746357,0.004432242,0.027163871
247,0.179166758,0.489506942,0.01528279,0.001175204,0.015625424,0.000447562,0.267207407,0.004458717,0.027129196
248,0.178423842,0.488792653,0.015278249,0.001175599,0.015639086,0.000447881,0.268663074,0.004485207,0.027094407
249,0.177683485,0.488088108,0.015270795,0.001175765,0.015649683,0.000448112,0.270112812,0.004511706,0.027059534
250,0.176945824,0.487393644,0.015260459,0.001175703,0.015657228,0.000448256,0.271556075,0.004538209,0.027024604
251,0.176210993,0.48670959,0.015247273,0.001175415,0.015661736,0.000448312,0.272992327,0.00456471,0.026989644
252,0.175479125,0.486036266,0.015231273,0.001174904,0.015663227,0.000448281,0.274421035,0.004591206,0.026954683
253,0.174750348,0.485373983,0.015212497,0.001174171,0.015661723,0.000448165,0.275841677,0.00461769,0.026919746
254,0.174024786,0.484723045,0.015190986,0.001173219,0.015657249,0.000447963,0.277253734,0.004644157,0.026884862
255,0.17330256,0.484083742,0.01516678,0.001172051,0.015649832,0.000447677,0.278656699,0.004670603,0.026850055
256,0.172583788,0.483456359,0.015139927,0.001170669,0.015639503,0.000447308,0.28005007,0.004697023,0.026815351
257,0.171868586,0.48284117,0.015110471,0.001169077,0.015626295,0.000446857,0.281433355,0.004723412,0.026780777
258,0.171157062,0.482238437,0.015078461,0.001167278,0.015610243,0.000446324,0.282806073,0.004749766,0.026746356
259,0.170449323,0.481648414,0.015043949,0.001165275,0.015591384,0.000445712,0.284167751,0.004776079,0.026712113
260,0.169745474,0.481071345,0.015006985,0.001163071,0.015569759,0.00044502,0.285517925,0.004802347,0.026678072
261,0.169045612,0.480507463,0.014967625,0.001160671,0.015545411,0.000444251,0.286856144,0.004828566,0.026644257
262,0.168349834,0.47995699,0.014925924,0.001158078,0.015518382,0.000443406,0.288181966,0.00485473,0.026610689
263,0.167658231,0.479420139,0.014881937,0.001155296,0.015488721,0.000442486,0.28949496,0.004880837,0.026577393
264,0.16697089,0.478897111,0.014835723,0.001152329,0.015456475,0.000441493,0.290794708,0.00490688,0.026544388
265,0.166287895,0.478388099,0.014787342,0.001149182,0.015421695,0.000440428,0.292080803,0.004932858,0.026511698
266,0.165609327,0.477893282,0.014736853,0.001145858,0.015384433,0.000439293,0.293352848,0.004958764,0.026479342
267,0.164935261,0.47741283,0.014684318,0.001142362,0.015344741,0.000438089,0.294610462,0.004984596,0.026447342
268,0.164265769,0.476946904,0.014629799,0.001138698,0.015302676,0.000436818,0.295853272,0.005010349,0.026415715
269,0.163600919,0.476495651,0.014573357,0.001134872,0.015258294,0.000435481,0.297080922,0.005036019,0.026384483
270,0.162940777,0.476059212,0.014515058,0.001130888,0.015211652,0.000434081,0.298293067,0.005061604,0.026353662
271,0.162285402,0.475637712,0.014454963,0.001126749,0.01516281,0.000432619,0.299489373,0.005087099,0.026323272
272,0.161634851,0.475231271,0.014393139,0.001122463,0.015111827,0.000431097,0.300669522,0.0051125,0.026293329
273,0.160989178,0.474839995,0.014329648,0.001118032,0.015058765,0.000429517,0.301833209,0.005137806,0.026263851
274,0.160348431,0.474463981,0.014264557,0.001113462,0.015003685,0.00042788,0.302980139,0.005163011,0.026234853
275,0.159712657,0.474103317,0.014197929,0.001108758,0.01494665,0.000426188,0.304110036,0.005188114,0.026206352
276,0.159081897,0.473758078,0.01412983,0.001103924,0.014887722,0.000424443,0.305222632,0.005213111,0.026178362
277,0.15845619,0.473428332,0.014060323,0.001098966,0.014826967,0.000422648,0.306317676,0.005237999,0.026150898
278,0.15783557,0.473114137,0.013989475,0.001093889,0.014764447,0.000420803,0.307394928,0.005262775,0.026123974
279,0.15722007,0.472815539,0.013917349,0.001088698,0.014700228,0.000418911,0.308454165,0.005287438,0.026097604
280,0.156609716,0.472532576,0.013844008,0.001083396,0.014634373,0.000416974,0.309495173,0.005311983,0.0260718
281,0.156004535,0.472265278,0.013769517,0.001077991,0.014566948,0.000414993,0.310517755,0.005336409,0.026046574
282,0.155404546,0.472013664,0.013693939,0.001072486,0.014498018,0.000412971,0.311521725,0.005360713,0.026021938
283,0.154809769,0.471777745,0.013617335,0.001066886,0.014427648,0.000410909,0.312506912,0.005384894,0.025997903
284,0.154220219,0.471557522,0.013539768,0.001061196,0.014355901,0.000408809,0.313473157,0.005408948,0.025974481
285,0.153635907,0.471352989,0.013461299,0.001055421,0.014282843,0.000406673,0.314420314,0.005432874,0.02595168
286,0.153056842,0.47116413,0.013381988,0.001049565,0.014208538,0.000404503,0.315348252,0.00545667,0.025929511
287,0.152483031,0.470990923,0.013301895,0.001043635,0.014133048,0.000402301,0.31625685,0.005480334,0.025907983
288,0.151914477,0.470833336,0.013221078,0.001037633,0.014056439,0.000400068,0.317146001,0.005503865,0.025887103
289,0.151351181,0.470691329,0.013139595,0.001031565,0.013978772,0.000397806,0.318015611,0.00552726,0.025866881
290,0.15079314,0.470564857,0.013057502,0.001025436,0.013900109,0.000395518,0.318865596,0.005550519,0.025847323
291,0.15024035,0.470453864,0.012974856,0.00101925,0.013820513,0.000393205,0.319695887,0.00557364,0.025828437
292,0.149692803,0.470358291,0.01289171,0.00101301,0.013740043,0.000390868,0.320506425,0.005596621,0.025810228
293,0.149150491,0.470278068,0.01280812,0.001006723,0.013658759,0.000388509,0.321297164,0.005619462,0.025792704
294,0.1486134,0.470213122,0.012724136,0.001000391,0.013576722,0.000386131,0.322068068,0.005642161,0.025775869
295,0.148081517,0.47016337,0.012639811,0.00099402,0.013493988,0.000383734,0.322819114,0.005664718,0.025759729
296,0.147554826,0.470128726,0.012555194,0.000987613,0.013410615,0.000381321,0.323550288,0.005687131,0.025744288
297,0.147033308,0.470109095,0.012470334,0.000981174,0.01332666,0.000378892,0.324261587,0.005709399,0.025729551
298,0.146516942,0.470104379,0.012385279,0.000974708,0.013242178,0.00037645,0.324953021,0.005731523,0.025715521
299,0.146005706,0.470114472,0.012300076,0.000968218,0.013157222,0.000373996,0.325624607,0.005753501,0.025702202
300,0.145499577,0.470139265,0.012214769,0.000961708,0.013071847,0.000371531,0.326276375,0.005775333,0.025689596
301,0.144998527,0.470178641,0.012129404,0.000955181,0.012986104,0.000369058,0.326908362,0.005797018,0.025677706
302,0.144502529,0.470232481,0.012044021,0.000948642,0.012900043,0.000366576,0.327520616,0.005818556,0.025666535
303,0.144011555,0.47030066,0.011958664,0.000942093,0.012813716,0.000364089,0.328113193,0.005839946,0.025656084
304,0.143525572,0.470383047,0.011873372,0.000935539,0.012727169,0.000361597,0.32868616,0.005861189,0.025646355
305,0.14304455,0.47047951,0.011788183,0.000928982,0.012640451,0.000359101,0.329239591,0.005882285,0.025637348
306,0.142568453,0.47058991,0.011703136,0.000922426,0.012553607,0.000356603,0.329773568,0.005903232,0.025629064
307,0.142097248,0.470714105,0.011618267,0.000915873,0.012466682,0.000354105,0.330288183,0.005924032,0.025621505
308,0.141630898,0.470851951,0.011533611,0.000909327,0.01237972,0.000351606,0.330783533,0.005944685,0.025614669
309,0.141169365,0.471003298,0.011449202,0.000902791,0.012292764,0.000349109,0.331259725,0.005965189,0.025608556
310,0.140712612,0.471167994,0.011365073,0.000896268,0.012205853,0.000346615,0.331716872,0.005985547,0.025603167
311,0.140260598,0.471345885,0.011281255,0.00088976,0.012119029,0.000344124,0.332155094,0.006005757,0.025598499
312,0.139813283,0.471536811,0.011197777,0.000883269,0.012032329,0.000341639,0.332574518,0.006025821,0.025594553
313,0.139370627,0.471740613,0.01111467,0.000876799,0.01194579,0.000339159,0.332975277,0.006045738,0.025591326
314,0.138932586,0.471957127,0.011031961,0.000870353,0.01185945,0.000336686,0.333357512,0.00606551,0.025588816
315,0.138499117,0.472186188,0.010949676,0.000863931,0.011773342,0.00033422,0.333721366,0.006085136,0.025587023
316,0.138070178,0.472427628,0.010867841,0.000857536,0.0116875,0.000331764,0.334066992,0.006104618,0.025585943
317,0.137645723,0.472681277,0.01078648,0.000851172,0.011601957,0.000329317,0.334394544,0.006123955,0.025585575
318,0.137225708,0.472946963,0.010705617,0.000844839,0.011516744,0.000326881,0.334704185,0.006143149,0.025585914
319,0.136810087,0.473224514,0.010625274,0.00083854,0.01143189,0.000324456,0.33499608,0.0061622,0.02558696
320,0.136398814,0.473513755,0.010545472,0.000832276,0.011347424,0.000322043,0.3352704,0.006181109,0.025588707
321,0.135991843,0.47381451,0.01046623,0.00082605,0.011263374,0.000319643,0.335527319,0.006199877,0.025591154
322,0.135589126,0.474126601,0.010387568,0.000819863,0.011179766,0.000317256,0.335767018,0.006218505,0.025594297
323,0.135190617,0.47444985,0.010309504,0.000813717,0.011096625,0.000314884,0.335989679,0.006236993,0.025598131
324,0.134796267,0.474784078,0.010232054,0.000807613,0.011013976,0.000312527,0.336195487,0.006255343,0.025602653
325,0.13440603,0.475129105,0.010155236,0.000801554,0.010931842,0.000310185,0.336384634,0.006273555,0.025607859
326,0.134019857,0.475484751,0.010079063,0.000795539,0.010850244,0.00030786,0.336557311,0.00629163,0.025613745
327,0.1336377,0.475850833,0.01000355,0.000789571,0.010769203,0.000305551,0.336713714,0.00630957,0.025620306
328,0.133259511,0.476227171,0.009928711,0.000783651,0.01068874,0.000303259,0.336854043,0.006327376,0.025627538
329,0.13288524,0.476613582,0.009854559,0.00077778,0.010608872,0.000300986,0.336978498,0.006345047,0.025635435
330,0.13251484,0.477009884,0.009781103,0.000771959,0.010529619,0.00029873,0.337087283,0.006362587,0.025643994
331,0.132148262,0.477415895,0.009708356,0.00076619,0.010450996,0.000296494,0.337180602,0.006379995,0.025653209
332,0.131785457,0.477831433,0.009636328,0.000760473,0.01037302,0.000294276,0.337258664,0.006397273,0.025663075
333,0.131426377,0.478256316,0.009565028,0.000754809,0.010295706,0.000292078,0.337321677,0.006414423,0.025673587
334,0.131070973,0.478690362,0.009494464,0.000749199,0.010219067,0.0002899,0.337369852,0.006431444,0.025684739
335,0.130719197,0.479133389,0.009424645,0.000743643,0.010143118,0.000287742,0.337403401,0.006448339,0.025696526
336,0.130371,0.479585216,0.009355577,0.000738144,0.010067869,0.000285605,0.337422538,0.006465109,0.025708943
337,0.130026334,0.480045662,0.009287267,0.0007327,0.009993334,0.000283488,0.337427475,0.006481755,0.025721984
338,0.129685152,0.480514547,0.009219721,0.000727314,0.009919523,0.000281393,0.337418429,0.006498278,0.025735643
339,0.129347405,0.480991693,0.009152944,0.000721985,0.009846445,0.000279319,0.337395616,0.006514679,0.025749914
340,0.129013045,0.481476919,0.009086941,0.000716714,0.00977411,0.000277267,0.337359251,0.006530961,0.025764792
341,0.128682026,0.481970049,0.009021716,0.000711501,0.009702527,0.000275237,0.337309551,0.006547123,0.02578027
342,0.1283543,0.482470904,0.008957272,0.000706347,0.009631702,0.000273229,0.337246734,0.006563168,0.025796343
343,0.128029819,0.482979309,0.008893613,0.000701253,0.009561645,0.000271243,0.337171017,0.006579097,0.025813004
344,0.127708539,0.483495088,0.008830741,0.000696218,0.009492359,0.00026928,0.337082617,0.006594911,0.025830247
345,0.127390411,0.484018066,0.008768659,0.000691243,0.009423853,0.000267339,0.336981752,0.006610611,0.025848066
346,0.12707539,0.484548072,0.008707367,0.000686328,0.00935613,0.000265421,0.336868638,0.0066262,0.025866455
347,0.12676343,0.485084933,0.008646866,0.000681474,0.009289196,0.000263525,0.336743493,0.006641677,0.025885407
348,0.126454485,0.485628477,0.008587159,0.00067668,0.009223054,0.000261653,0.336606532,0.006657045,0.025904915
349,0.126148512,0.486178535,0.008528244,0.000671946,0.009157709,0.000259804,0.336457971,0.006672305,0.025924975
350,0.125845464,0.486734939,0.008470122,0.000667274,0.009093162,0.000257977,0.336298027,0.006687458,0.025945578
351,0.125545298,0.487297521,0.008412792,0.000662662,0.009029417,0.000256174,0.336126912,0.006702505,0.025966719
352,0.12524797,0.487866115,0.008356254,0.000658111,0.008966475,0.000254394,0.335944841,0.006717449,0.02598839
353,0.124953436,0.488440558,0.008300507,0.000653621,0.008904338,0.000252637,0.335752027,0.00673229,0.026010586
354,0.124661652,0.489020686,0.008245548,0.000649192,0.008843007,0.000250904,0.335548681,0.00674703,0.0260333
355,0.124372576,0.489606337,0.008191376,0.000644824,0.008782483,0.000249193,0.335335015,0.006761669,0.026056525
356,0.124086167,0.490197351,0.00813799,0.000640516,0.008722766,0.000247506,0.335111238,0.006776211,0.026080255
357,0.12380238,0.49079357,0.008085387,0.000636269,0.008663856,0.000245842,0.334877558,0.006790655,0.026104482
358,0.123521176,0.491394836,0.008033564,0.000632083,0.008605752,0.000244201,0.334634184,0.006805003,0.026129201
359,0.123242513,0.492000993,0.007982518,0.000627957,0.008548454,0.000242583,0.33438132,0.006819257,0.026154404
