t, NCL , NCS , NCE , NCIS, NCIA, NCH , NCR , NCD , NCV 
0,0.266260097,0.463606046,0.00067033,0.00009283,0.00120986,0.000134158,0.266125939,0.00190074,0
1,0.266174788,0.464659486,0.000763672,0.000082945,0.001137632,0.000092978,0.26490159,0.001903993,0.000282915
2,0.266094013,0.465714888,0.000829215,0.000077277,0.00108894,0.000067438,0.263656821,0.001906588,0.000564819
3,0.266016206,0.466769318,0.000875885,0.000074241,0.001056518,0.000051672,0.262401657,0.001908782,0.000845722
4,0.265940304,0.467820799,0.00090974,0.000072819,0.001035388,0.00004201,0.261142568,0.001910738,0.001125632
5,0.265865588,0.468868003,0.000934902,0.000072368,0.001022134,0.000036157,0.25988374,0.001912556,0.001404552
6,0.265791565,0.469910034,0.000954176,0.000072484,0.001014404,0.000032673,0.258627882,0.001914296,0.001682486
7,0.265717898,0.470946294,0.000969474,0.000072918,0.001010578,0.000030657,0.257376749,0.001915998,0.001959434
8,0.265644354,0.47197638,0.000982102,0.000073519,0.001009538,0.000029547,0.25613148,0.001917683,0.002235397
9,0.265570773,0.473000027,0.000992953,0.000074199,0.001010505,0.00002899,0.254892811,0.001919365,0.002510378
10,0.265497039,0.474017058,0.00100264,0.000074906,0.001012944,0.000028769,0.253661218,0.001921053,0.002784375
11,0.265423071,0.475027357,0.001011583,0.000075615,0.001016477,0.000028749,0.252437008,0.00192275,0.003057389
12,0.26534881,0.476030853,0.001020074,0.000076314,0.001020844,0.000028846,0.251220379,0.00192446,0.003329421
13,0.265274208,0.4770275,0.001028313,0.000076997,0.001025861,0.000029011,0.250011455,0.001926183,0.003600472
14,0.265199233,0.478017271,0.001036439,0.000077666,0.001031401,0.000029214,0.248810316,0.00192792,0.003870541
15,0.265123854,0.479000153,0.001044551,0.000078323,0.001037373,0.000029437,0.24761701,0.001929671,0.004139629
16,0.265048047,0.47997614,0.001052716,0.000078972,0.001043714,0.000029671,0.246431567,0.001931437,0.004407736
17,0.264971793,0.480945234,0.001060983,0.000079617,0.00105038,0.000029909,0.245254004,0.001933217,0.004674863
18,0.264895071,0.481907438,0.001069388,0.000080261,0.001057339,0.000030151,0.24408433,0.001935012,0.00494101
19,0.264817865,0.482862759,0.001077955,0.000080908,0.001064572,0.000030395,0.24292255,0.001936821,0.005206177
20,0.264740157,0.483811205,0.001086703,0.00008156,0.001072062,0.00003064,0.241768665,0.001938645,0.005470364
21,0.264661931,0.484752785,0.001095646,0.000082219,0.001079801,0.000030887,0.240622674,0.001940483,0.005733573
22,0.264583173,0.485687509,0.001104796,0.000082889,0.001087781,0.000031137,0.239484578,0.001942337,0.005995801
23,0.264503865,0.486615386,0.001114161,0.00008357,0.001095999,0.00003139,0.238354373,0.001944205,0.006257051
24,0.264423992,0.487536425,0.001123748,0.000084264,0.001104452,0.000031647,0.237232059,0.001946089,0.006517322
25,0.26434354,0.488450636,0.001133564,0.000084973,0.001113142,0.000031908,0.236117634,0.001947989,0.006776614
26,0.264262491,0.489358028,0.001143614,0.000085696,0.001122067,0.000032174,0.235011097,0.001949904,0.007034928
27,0.264180831,0.490258608,0.001153904,0.000086436,0.001131229,0.000032446,0.233912448,0.001951836,0.007292262
28,0.264098543,0.491152386,0.001164437,0.000087192,0.001140629,0.000032723,0.232821687,0.001953785,0.007548618
29,0.264015611,0.492039368,0.001175218,0.000087965,0.001150271,0.000033006,0.231738814,0.00195575,0.007803995
30,0.26393202,0.492919562,0.001186252,0.000088757,0.001160156,0.000033296,0.230663831,0.001957733,0.008058393
31,0.263847752,0.493792974,0.001197544,0.000089566,0.001170288,0.000033592,0.229596739,0.001959734,0.008311812
32,0.26376279,0.49465961,0.001209096,0.000090394,0.001180669,0.000033895,0.22853754,0.001961753,0.008564251
33,0.263677119,0.495519476,0.001220915,0.000091242,0.001191303,0.000034205,0.227486239,0.001963791,0.008815711
34,0.263590721,0.496372575,0.001233003,0.000092109,0.001202193,0.000034521,0.226442838,0.001965848,0.009066192
35,0.263503578,0.497218913,0.001245366,0.000092996,0.001213343,0.000034846,0.225407342,0.001967925,0.009315692
36,0.263415674,0.498058492,0.001258007,0.000093903,0.001224758,0.000035177,0.224379757,0.001970021,0.009564211
37,0.263326989,0.498891315,0.001270933,0.000094831,0.001236439,0.000035517,0.223360089,0.001972138,0.00981175
38,0.263237507,0.499717384,0.001284146,0.00009578,0.001248393,0.000035864,0.222348343,0.001974276,0.010058307
39,0.263147208,0.500536702,0.001297653,0.00009675,0.001260623,0.000036219,0.221344529,0.001976435,0.010303883
40,0.263056074,0.501349268,0.001311457,0.000097742,0.001273133,0.000036581,0.220348653,0.001978616,0.010548476
41,0.262964087,0.502155083,0.001325565,0.000098756,0.001285927,0.000036953,0.219360724,0.001980819,0.010792086
42,0.262871227,0.502954146,0.00133998,0.000099792,0.001299011,0.000037332,0.218380754,0.001983046,0.011034712
43,0.262777475,0.503746455,0.001354708,0.000100852,0.001312389,0.00003772,0.217408752,0.001985295,0.011276354
44,0.262682811,0.504532009,0.001369755,0.000101935,0.001326065,0.000038116,0.216444729,0.001987569,0.011517011
45,0.262587215,0.505310805,0.001385125,0.000103041,0.001340045,0.000038522,0.215488699,0.001989867,0.011756682
46,0.262490666,0.506082839,0.001400825,0.000104172,0.001354333,0.000038936,0.214540674,0.00199219,0.011995366
47,0.262393144,0.506848107,0.00141686,0.000105326,0.001368935,0.000039359,0.213600669,0.001994538,0.012233062
48,0.262294629,0.507606604,0.001433235,0.000106506,0.001383856,0.000039791,0.212668698,0.001996912,0.012469769
49,0.262195098,0.508358323,0.001449957,0.000107711,0.001399101,0.000040233,0.211744777,0.001999313,0.012705487
50,0.26209453,0.509103259,0.001467031,0.000108942,0.001414676,0.000040684,0.210828923,0.002001741,0.012940213
51,0.261992904,0.509841403,0.001484465,0.000110199,0.001430586,0.000041145,0.209921154,0.002004197,0.013173948
52,0.261890196,0.510572748,0.001502263,0.000111483,0.001446837,0.000041615,0.209021488,0.002006681,0.013406689
53,0.261786385,0.511297283,0.001520432,0.000112793,0.001463434,0.000042096,0.208129946,0.002009195,0.013638435
54,0.261681447,0.512015,0.001538979,0.000114132,0.001480384,0.000042587,0.207246548,0.002011737,0.013869186
55,0.261575358,0.512725887,0.001557911,0.000115498,0.001497693,0.000043088,0.206371316,0.00201431,0.014098939
56,0.261468096,0.513429932,0.001577233,0.000116893,0.001515367,0.0000436,0.205504272,0.002016914,0.014327693
57,0.261359636,0.514127124,0.001596954,0.000118317,0.001533412,0.000044122,0.204645441,0.002019549,0.014555446
58,0.261249953,0.514817447,0.001617079,0.00011977,0.001551835,0.000044656,0.203794846,0.002022216,0.014782197
59,0.261139023,0.515500889,0.001637617,0.000121253,0.001570642,0.0000452,0.202952515,0.002024916,0.015007945
60,0.26102682,0.516177433,0.001658574,0.000122767,0.001589839,0.000045756,0.202118475,0.002027649,0.015232686
61,0.260913319,0.516847063,0.001679958,0.000124312,0.001609435,0.000046323,0.201292753,0.002030417,0.01545642
62,0.260798493,0.517509763,0.001701776,0.000125889,0.001629435,0.000046902,0.200475379,0.002033219,0.015679145
63,0.260682316,0.518165513,0.001724035,0.000127498,0.001649847,0.000047493,0.199666383,0.002036057,0.015900857
64,0.260564761,0.518814295,0.001746745,0.00012914,0.001670678,0.000048096,0.198865798,0.002038931,0.016121556
65,0.260445801,0.519456089,0.001769912,0.000130815,0.001691935,0.000048711,0.198073656,0.002041842,0.01634124
66,0.260325407,0.520090873,0.001793545,0.000132524,0.001713627,0.000049339,0.197289991,0.002044791,0.016559905
67,0.260203552,0.520718625,0.001817652,0.000134267,0.001735759,0.000049979,0.196514838,0.002047778,0.016777549
68,0.260080206,0.521339323,0.001842241,0.000136046,0.001758341,0.000050633,0.195748235,0.002050805,0.016994171
69,0.259955341,0.521952941,0.001867321,0.00013786,0.00178138,0.0000513,0.194990219,0.002053872,0.017209767
70,0.259828927,0.522559456,0.0018929,0.000139711,0.001804884,0.00005198,0.194240829,0.002056979,0.017424334
71,0.259700934,0.52315884,0.001918987,0.000141599,0.001828861,0.000052673,0.193500106,0.002060129,0.017637871
72,0.259571331,0.523751066,0.001945591,0.000143525,0.00185332,0.000053381,0.192768092,0.002063321,0.017850374
73,0.259440087,0.524336106,0.00197272,0.000145489,0.001878269,0.000054103,0.192044829,0.002066556,0.018061841
74,0.259307171,0.524913931,0.002000385,0.000147492,0.001903716,0.000054839,0.191330363,0.002069836,0.018272267
75,0.25917255,0.525484509,0.002028595,0.000149534,0.001929671,0.00005559,0.190624739,0.00207316,0.018481651
76,0.259036192,0.52604781,0.002057358,0.000151617,0.001956142,0.000056356,0.189928005,0.002076531,0.01868999
77,0.258898064,0.5266038,0.002086684,0.000153741,0.001983138,0.000057137,0.189240209,0.002079949,0.018897278
78,0.258758132,0.527152445,0.002116583,0.000155907,0.002010669,0.000057933,0.188561401,0.002083415,0.019103514
79,0.258616362,0.527693711,0.002147066,0.000158116,0.002038743,0.000058746,0.187891634,0.002086929,0.019308694
80,0.25847272,0.528227561,0.002178141,0.000160367,0.00206737,0.000059574,0.18723096,0.002090493,0.019512814
81,0.25832717,0.528753958,0.002209819,0.000162663,0.00209656,0.000060418,0.186579434,0.002094108,0.01971587
82,0.258179677,0.529272863,0.00224211,0.000165003,0.002126321,0.000061279,0.185937112,0.002097775,0.019917859
83,0.258030205,0.529784237,0.002275024,0.000167389,0.002156665,0.000062157,0.185304052,0.002101495,0.020118776
84,0.257878716,0.530288038,0.002308572,0.000169822,0.002187601,0.000063052,0.184680313,0.002105268,0.020318618
85,0.257725173,0.530784226,0.002342765,0.000172301,0.00221914,0.000063964,0.184065956,0.002109096,0.02051738
86,0.257569539,0.531272755,0.002377613,0.000174828,0.00225129,0.000064894,0.183461043,0.00211298,0.020715058
87,0.257411776,0.531753583,0.002413126,0.000177404,0.002284063,0.000065842,0.182865637,0.002116921,0.020911648
88,0.257251843,0.532226664,0.002449317,0.000180029,0.002317469,0.000066808,0.182279806,0.00212092,0.021107144
89,0.257089702,0.532691949,0.002486196,0.000182705,0.002351519,0.000067793,0.181703615,0.002124978,0.021301543
90,0.256925313,0.533149393,0.002523773,0.000185432,0.002386224,0.000068796,0.181137134,0.002129096,0.021494839
91,0.256758634,0.533598944,0.002562061,0.000188211,0.002421594,0.000069819,0.180580433,0.002133276,0.021687028
92,0.256589625,0.534040553,0.002601071,0.000191042,0.00245764,0.000070862,0.180033584,0.002137519,0.021878105
93,0.256418244,0.534474168,0.002640813,0.000193927,0.002494373,0.000071924,0.179496661,0.002141825,0.022068064
94,0.256244448,0.534899737,0.0026813,0.000196867,0.002531805,0.000073007,0.17896974,0.002146197,0.022256899
95,0.256068195,0.535317204,0.002722544,0.000199862,0.002569947,0.00007411,0.178452897,0.002150634,0.022444607
96,0.255889441,0.535726514,0.002764555,0.000202914,0.002608811,0.000075233,0.177946212,0.002155139,0.02263118
97,0.255708142,0.536127612,0.002807346,0.000206022,0.002648407,0.000076378,0.177449765,0.002159713,0.022816614
98,0.255524254,0.536520438,0.002850928,0.000209189,0.002688747,0.000077545,0.176963639,0.002164357,0.023000902
99,0.25533773,0.536904935,0.002895314,0.000212415,0.002729844,0.000078733,0.176487918,0.002169073,0.023184039
100,0.255148526,0.537281041,0.002940515,0.0002157,0.002771708,0.000079944,0.176022687,0.002173861,0.023366018
101,0.254956595,0.537648695,0.002986543,0.000219046,0.002814352,0.000081177,0.175568035,0.002178723,0.023546834
102,0.25476189,0.538007836,0.00303341,0.000222454,0.002857788,0.000082433,0.17512405,0.002183661,0.023726479
103,0.254564363,0.538358398,0.003081129,0.000225925,0.002902027,0.000083712,0.174690824,0.002188675,0.023904947
104,0.254363967,0.538700318,0.003129711,0.000229459,0.002947082,0.000085015,0.17426845,0.002193768,0.024082232
105,0.254160653,0.539033528,0.003179168,0.000233057,0.002992965,0.000086341,0.173857021,0.00219894,0.024258327
106,0.253954372,0.539357961,0.003229513,0.000236721,0.003039687,0.000087692,0.173456636,0.002204193,0.024433224
107,0.253745074,0.53967355,0.003280757,0.000240451,0.003087262,0.000089068,0.173067391,0.002209529,0.024606917
108,0.253532709,0.539980225,0.003332913,0.000244248,0.003135701,0.000090468,0.172689387,0.002214949,0.024779399
109,0.253317227,0.540277914,0.003385992,0.000248113,0.003185017,0.000091894,0.172322725,0.002220455,0.024950662
110,0.253098576,0.540566547,0.003440007,0.000252048,0.003235222,0.000093345,0.171967509,0.002226048,0.025120699
111,0.252876704,0.540846051,0.003494968,0.000256052,0.003286327,0.000094823,0.171623844,0.002231729,0.025289501
112,0.25265156,0.541116351,0.003550889,0.000260127,0.003338346,0.000096326,0.171291837,0.002237501,0.025457062
113,0.25242309,0.541377374,0.00360778,0.000264274,0.003391291,0.000097857,0.170971596,0.002243364,0.025623373
114,0.252191242,0.541629043,0.003665654,0.000268494,0.003445173,0.000099414,0.170663232,0.002249321,0.025788426
115,0.251955962,0.541871283,0.003724522,0.000272787,0.003500005,0.000100999,0.170366856,0.002255373,0.025952213
116,0.251717196,0.542104014,0.003784394,0.000277155,0.003555798,0.000102612,0.170082582,0.002261522,0.026114726
117,0.251474889,0.54232716,0.003845283,0.000281598,0.003612566,0.000104253,0.169810525,0.00226777,0.026275956
118,0.251228987,0.54254064,0.003907199,0.000286118,0.003670319,0.000105922,0.169550803,0.002274117,0.026435895
119,0.250979435,0.542744375,0.003970153,0.000290715,0.00372907,0.00010762,0.169303533,0.002280566,0.026594533
120,0.250726176,0.542938285,0.004034156,0.000295389,0.003788829,0.000109348,0.169068835,0.002287119,0.026751862
121,0.250469156,0.543122287,0.004099218,0.000300143,0.00384961,0.000111104,0.168846831,0.002293778,0.026907873
122,0.250208317,0.5432963,0.004165349,0.000304976,0.003911423,0.000112891,0.168637645,0.002300543,0.027062556
123,0.249943604,0.543460242,0.00423256,0.00030989,0.003974278,0.000114707,0.168441399,0.002307417,0.027215903
124,0.249674959,0.543614028,0.004300858,0.000314884,0.004038189,0.000116554,0.16825822,0.002314402,0.027367904
125,0.249402326,0.543757576,0.004370255,0.000319961,0.004103164,0.000118432,0.168088236,0.0023215,0.02751855
126,0.249125647,0.543890802,0.004440758,0.000325121,0.004169215,0.00012034,0.167931574,0.002328712,0.02766783
127,0.248844865,0.544013621,0.004512377,0.000330365,0.004236352,0.00012228,0.167788364,0.002336041,0.027815736
128,0.248559922,0.544125948,0.004585119,0.000335692,0.004304585,0.000124252,0.167658738,0.002343487,0.027962256
129,0.248270761,0.5442277,0.004658992,0.000341105,0.004373924,0.000126255,0.167542826,0.002351054,0.028107382
130,0.247977324,0.544318791,0.004734004,0.000346603,0.004444379,0.000128291,0.167440763,0.002358742,0.028251103
131,0.247679553,0.544399136,0.004810161,0.000352187,0.004515957,0.000130359,0.167352682,0.002366555,0.028393409
132,0.247377391,0.54446865,0.00488747,0.000357858,0.004588669,0.00013246,0.167278718,0.002374493,0.02853429
133,0.247070779,0.544527249,0.004965936,0.000363617,0.004662523,0.000134593,0.167219007,0.00238256,0.028673736
134,0.24675966,0.544574849,0.005045564,0.000369463,0.004737526,0.00013676,0.167173687,0.002390756,0.028811735
135,0.246443977,0.544611365,0.00512636,0.000375398,0.004813686,0.00013896,0.167142893,0.002399083,0.028948278
136,0.246123671,0.544636713,0.005208328,0.000381422,0.00489101,0.000141193,0.167126764,0.002407545,0.029083354
137,0.245798687,0.544650811,0.00529147,0.000387535,0.004969504,0.00014346,0.167125439,0.002416142,0.029216952
138,0.245468966,0.544653576,0.005375789,0.000393737,0.005049175,0.000145761,0.167139056,0.002424877,0.029349062
139,0.245134453,0.544644926,0.005461288,0.00040003,0.005130028,0.000148096,0.167167754,0.002433752,0.029479672
140,0.244795091,0.544624781,0.005547968,0.000406412,0.005212068,0.000150466,0.167211673,0.002442769,0.029608773
141,0.244450824,0.54459306,0.005635829,0.000412885,0.0052953,0.000152869,0.167270952,0.002451929,0.029736353
142,0.244101597,0.544549685,0.005724871,0.000419448,0.005379726,0.000155307,0.16734573,0.002461236,0.029862401
143,0.243747356,0.544494578,0.005815092,0.000426103,0.005465349,0.000157779,0.167436146,0.00247069,0.029986907
144,0.243388045,0.544427664,0.005906491,0.000432847,0.005552173,0.000160286,0.16754234,0.002480294,0.03010986
145,0.243023612,0.544348867,0.005999065,0.000439683,0.005640198,0.000162827,0.16766445,0.002490051,0.030231248
146,0.242654003,0.544258115,0.006092809,0.000446608,0.005729425,0.000165403,0.167802613,0.002499961,0.030351062
147,0.242279167,0.544155338,0.00618772,0.000453625,0.005819854,0.000168014,0.167956966,0.002510027,0.03046929
148,0.241899052,0.544040464,0.00628379,0.000460731,0.005911485,0.000170659,0.168127646,0.002520252,0.030585921
149,0.241513609,0.543913429,0.006381013,0.000467927,0.006004314,0.000173338,0.168314788,0.002530637,0.030700945
150,0.241122787,0.543774166,0.006479381,0.000475213,0.00609834,0.000176051,0.168518526,0.002541183,0.030814352
151,0.240726539,0.543622614,0.006578884,0.000482588,0.006193559,0.000178799,0.168738993,0.002551894,0.03092613
152,0.240324818,0.543458713,0.006679512,0.000490051,0.006289965,0.000181581,0.168976318,0.002562772,0.031036269
153,0.239917577,0.543282407,0.006781254,0.000497603,0.006387554,0.000184397,0.169230633,0.002573817,0.031144758
154,0.239504773,0.54309364,0.006884096,0.000505241,0.006486319,0.000187246,0.169502063,0.002585033,0.031251589
155,0.239086361,0.542892362,0.006988025,0.000512966,0.006586251,0.000190129,0.169790735,0.002596421,0.031356749
156,0.238662302,0.542678526,0.007093025,0.000520776,0.006687342,0.000193045,0.170096771,0.002607983,0.031460229
157,0.238232553,0.542452088,0.00719908,0.000528671,0.006789582,0.000195994,0.170420291,0.00261972,0.03156202
158,0.237797077,0.542213007,0.007306171,0.000536649,0.006892958,0.000198976,0.170761414,0.002631636,0.031662112
159,0.237355837,0.541961246,0.007414278,0.00054471,0.006997459,0.000201989,0.171120254,0.002643732,0.031760495
160,0.236908797,0.541696774,0.007523381,0.000552851,0.007103071,0.000205035,0.171496922,0.002656009,0.03185716
161,0.236455925,0.541419561,0.007633457,0.000561072,0.007209778,0.000208111,0.171891527,0.00266847,0.031952097
162,0.23599719,0.541129585,0.007744483,0.000569371,0.007317565,0.000211219,0.172304173,0.002681116,0.032045299
163,0.235532561,0.540826825,0.007856433,0.000577747,0.007426412,0.000214356,0.172734961,0.002693949,0.032136756
164,0.235062013,0.540511267,0.00796928,0.000586198,0.007536301,0.000217524,0.173183988,0.002706971,0.03222646
165,0.23458552,0.540182902,0.008082995,0.000594721,0.007647211,0.00022072,0.173651345,0.002720183,0.032314404
166,0.234103059,0.539841726,0.008197548,0.000603316,0.00775912,0.000223945,0.17413712,0.002733587,0.032400579
167,0.233614611,0.53948774,0.008312908,0.000611979,0.007872004,0.000227197,0.174641397,0.002747185,0.032484978
168,0.233120158,0.539120951,0.008429041,0.000620709,0.007985838,0.000230476,0.175164253,0.002760978,0.032567594
169,0.232619686,0.538741371,0.008545913,0.000629504,0.008100596,0.000233782,0.17570576,0.002774968,0.032648421
170,0.23211318,0.53834902,0.008663486,0.000638361,0.008216248,0.000237113,0.176265985,0.002789157,0.032727451
171,0.231600633,0.537943921,0.008781723,0.000647277,0.008332766,0.000240468,0.176844988,0.002803544,0.03280468
172,0.231082037,0.537526107,0.008900582,0.000656251,0.008450117,0.000243846,0.177442825,0.002818133,0.032880102
173,0.230557388,0.537095615,0.009020024,0.000665278,0.008568269,0.000247248,0.178059543,0.002832924,0.032953712
174,0.230026685,0.536652489,0.009140004,0.000674356,0.008687187,0.000250671,0.178695185,0.002847918,0.033025505
175,0.229489931,0.536196782,0.009260478,0.000683483,0.008806834,0.000254114,0.179349784,0.002863117,0.033095477
176,0.228947131,0.535728553,0.009381398,0.000692654,0.008927173,0.000257576,0.180023368,0.002878522,0.033163625
177,0.228398294,0.535247866,0.009502717,0.000701867,0.009048164,0.000261057,0.180715957,0.002894133,0.033229946
178,0.227843431,0.534754796,0.009624385,0.000711118,0.009169765,0.000264554,0.181427562,0.002909952,0.033294436
179,0.227282558,0.534249424,0.00974635,0.000720404,0.009291933,0.000268068,0.182158188,0.002925979,0.033357095
180,0.226715694,0.533731839,0.00986856,0.000729721,0.009414624,0.000271595,0.18290783,0.002942216,0.033417921
181,0.22614286,0.533202138,0.009990958,0.000739065,0.009537792,0.000275136,0.183676476,0.002958662,0.033476913
182,0.225564084,0.532660426,0.01011349,0.000748432,0.009661388,0.000278688,0.184464102,0.002975319,0.03353407
183,0.224979395,0.532106817,0.010236097,0.000757818,0.009785363,0.00028225,0.185270679,0.002992188,0.033589394
184,0.224388825,0.531541431,0.01035872,0.000767219,0.009909665,0.000285821,0.186096166,0.003009267,0.033642886
185,0.223792413,0.530964401,0.010481298,0.000776631,0.010034241,0.000289399,0.186940512,0.003026559,0.033694547
186,0.223190199,0.530375863,0.01060377,0.000786049,0.010159038,0.000292982,0.187803658,0.003044063,0.033744379
187,0.222582227,0.529775966,0.010726071,0.000795468,0.010283999,0.00029657,0.188685534,0.003061779,0.033792387
188,0.221968547,0.529164867,0.010848137,0.000804885,0.010409066,0.000300159,0.189586059,0.003079707,0.033838573
189,0.22134921,0.52854273,0.010969903,0.000814294,0.01053418,0.000303749,0.190505142,0.003097847,0.033882943
190,0.220724275,0.527909731,0.011091301,0.000823691,0.010659282,0.000307337,0.191442682,0.0031162,0.033925502
191,0.220093801,0.527266051,0.011212262,0.00083307,0.010784308,0.000310922,0.192398565,0.003134764,0.033966256
192,0.219457853,0.526611884,0.011332718,0.000842427,0.010909196,0.000314503,0.193372668,0.003153539,0.034005212
193,0.218816499,0.525947431,0.011452598,0.000851756,0.011033882,0.000318076,0.194364856,0.003172526,0.034042377
194,0.218169813,0.525272902,0.011571831,0.000861052,0.011158298,0.000321641,0.19537498,0.003191723,0.03407776
195,0.217517871,0.524588517,0.011690346,0.000870311,0.011282379,0.000325194,0.196402883,0.003211129,0.034111371
196,0.216860754,0.523894505,0.011808069,0.000879525,0.011406056,0.000328735,0.197448393,0.003230744,0.034143219
197,0.216198546,0.523191104,0.011924927,0.000888691,0.01152926,0.000332262,0.198511328,0.003250566,0.034173315
198,0.215531337,0.52247856,0.012040848,0.000897803,0.011651921,0.000335771,0.199591494,0.003270595,0.034201671
199,0.21485922,0.521757129,0.012155755,0.000906854,0.011773968,0.000339262,0.200688682,0.003290829,0.0342283
200,0.21418229,0.521027076,0.012269577,0.00091584,0.011895328,0.000342731,0.201802674,0.003311268,0.034253215
201,0.21350065,0.520288675,0.012382236,0.000924755,0.012015929,0.000346178,0.202933238,0.003331909,0.034276431
202,0.212814402,0.519542207,0.012493659,0.000933593,0.012135699,0.000349599,0.204080128,0.00335275,0.034297962
203,0.212123657,0.518787963,0.012603772,0.000942349,0.012254562,0.000352993,0.20524309,0.003373791,0.034317824
204,0.211428525,0.518026242,0.012712499,0.000951016,0.012372445,0.000356357,0.206421852,0.00339503,0.034336034
205,0.210729123,0.517257352,0.012819765,0.00095959,0.012489274,0.00035969,0.207616133,0.003416463,0.03435261
206,0.21002557,0.516481608,0.012925498,0.000968064,0.012604972,0.000362989,0.208825638,0.00343809,0.034367571
207,0.20931799,0.515699334,0.013029624,0.000976432,0.012719465,0.000366251,0.21005006,0.003459908,0.034380935
208,0.208606508,0.514910861,0.013132069,0.00098469,0.012832679,0.000369476,0.21128908,0.003481915,0.034392723
209,0.207891255,0.514116527,0.013232762,0.00099283,0.012944538,0.00037266,0.212542366,0.003504107,0.034402955
210,0.207172363,0.513316679,0.013331631,0.001000849,0.013054967,0.000375802,0.213809573,0.003526483,0.034411654
211,0.206449969,0.512511668,0.013428606,0.001008739,0.013163891,0.000378899,0.215090345,0.00354904,0.034418842
212,0.205724213,0.511701855,0.013523618,0.001016497,0.013271238,0.000381949,0.216384314,0.003571775,0.034424542
213,0.204995236,0.510887605,0.013616599,0.001024115,0.013376932,0.00038495,0.2176911,0.003594685,0.034428779
214,0.204263183,0.510069291,0.013707482,0.001031589,0.013480902,0.0003879,0.21901031,0.003617766,0.034431578
215,0.203528203,0.50924729,0.013796202,0.001038914,0.013583075,0.000390797,0.220341541,0.003641016,0.034432963
216,0.202790444,0.508421986,0.013882695,0.001046083,0.01368338,0.000393639,0.221684379,0.00366443,0.034432962
217,0.202050061,0.507593767,0.0139669,0.001053093,0.013781747,0.000396424,0.223038399,0.003688007,0.034431602
218,0.201307208,0.506763027,0.014048756,0.001059938,0.013878107,0.000399149,0.224403163,0.003711741,0.03442891
219,0.200562042,0.505930162,0.014128206,0.001066614,0.013972392,0.000401814,0.225778224,0.00373563,0.034424915
220,0.199814721,0.505095576,0.014205194,0.001073115,0.014064537,0.000404415,0.227163127,0.00375967,0.034419646
221,0.199065406,0.504259673,0.014279665,0.001079436,0.014154475,0.000406952,0.228557405,0.003783856,0.034413133
222,0.19831426,0.503422861,0.014351568,0.001085575,0.014242145,0.000409422,0.22996058,0.003808184,0.034405406
223,0.197561446,0.502585553,0.014420853,0.001091525,0.014327484,0.000411824,0.231372169,0.003832651,0.034396496
224,0.196807128,0.501748161,0.014487475,0.001097283,0.014410433,0.000414155,0.232791678,0.003857252,0.034386434
225,0.196051474,0.500911103,0.014551388,0.001102846,0.014490935,0.000416415,0.234218603,0.003881983,0.034375254
226,0.19529465,0.500074795,0.014612551,0.001108208,0.014568933,0.000418602,0.235652436,0.003906839,0.034362986
227,0.194536823,0.499239655,0.014670925,0.001113368,0.014644375,0.000420714,0.23709266,0.003931816,0.034349664
228,0.193778163,0.498406104,0.014726473,0.00111832,0.01471721,0.000422749,0.238538749,0.00395691,0.034335322
229,0.193018836,0.49757456,0.014779163,0.001123062,0.014787388,0.000424707,0.239990175,0.003982115,0.034319993
230,0.192259013,0.496745444,0.014828964,0.001127592,0.014854864,0.000426587,0.241446399,0.004007428,0.034303711
231,0.191498861,0.495919173,0.014875848,0.001131905,0.014919594,0.000428386,0.24290688,0.004032842,0.034286511
232,0.19073855,0.495096165,0.014919791,0.001136,0.014981536,0.000430104,0.244371072,0.004058354,0.034268428
233,0.189978247,0.494276837,0.014960771,0.001139875,0.015040653,0.000431739,0.245838423,0.004083958,0.034249497
234,0.18921812,0.493461603,0.014998771,0.001143526,0.015096909,0.000433292,0.247308378,0.00410965,0.034229753
235,0.188458337,0.492650874,0.015033774,0.001146952,0.01515027,0.00043476,0.248780379,0.004135424,0.034209231
236,0.187699063,0.491845059,0.015065768,0.001150152,0.015200707,0.000436143,0.250253864,0.004161275,0.034187968
237,0.186940464,0.491044565,0.015094744,0.001153124,0.015248194,0.000437441,0.251728271,0.004187199,0.034165999
238,0.186182702,0.490249793,0.015120697,0.001155866,0.015292705,0.000438652,0.253203035,0.004213189,0.03414336
239,0.185425941,0.489461141,0.015143624,0.001158379,0.01533422,0.000439776,0.254677589,0.004239242,0.034120088
240,0.184670341,0.488679002,0.015163524,0.00116066,0.015372722,0.000440813,0.256151369,0.004265351,0.034096218
241,0.183916062,0.487903765,0.015180402,0.00116271,0.015408194,0.000441763,0.257623807,0.004291512,0.034071786
242,0.18316326,0.487135814,0.015194263,0.001164528,0.015440626,0.000442624,0.259094338,0.00431772,0.034046828
243,0.182412091,0.486375526,0.015205117,0.001166114,0.015470008,0.000443397,0.260562399,0.004343968,0.03402138
244,0.181662707,0.485623272,0.015212977,0.001167468,0.015496336,0.000444082,0.262027427,0.004370252,0.033995479
245,0.18091526,0.484879417,0.015217858,0.001168592,0.015519605,0.000444679,0.263488862,0.004396567,0.033969159
246,0.180169897,0.484144321,0.015219779,0.001169485,0.015539819,0.000445188,0.264946148,0.004422908,0.033942456
247,0.179426764,0.483418334,0.015218761,0.001170148,0.015556978,0.000445608,0.266398732,0.004449268,0.033915407
248,0.178686004,0.4827018,0.015214828,0.001170583,0.015571091,0.000445941,0.267846065,0.004475644,0.033888044
249,0.177947756,0.481995056,0.015208006,0.00117079,0.015582168,0.000446187,0.269287602,0.00450203,0.033860405
250,0.177212159,0.48129843,0.015198326,0.001170772,0.01559022,0.000446345,0.270722805,0.004528421,0.033832523
251,0.176479346,0.480612241,0.015185819,0.001170531,0.015595263,0.000446417,0.272151141,0.004554811,0.033804432
252,0.175749448,0.479936802,0.015170519,0.001170067,0.015597316,0.000446403,0.273572082,0.004581196,0.033776166
253,0.175022592,0.479272416,0.015152465,0.001169384,0.0155964,0.000446305,0.274985109,0.004607571,0.033747759
254,0.174298902,0.478619375,0.015131694,0.001168484,0.01559254,0.000446121,0.276389708,0.004633931,0.033719245
255,0.173578501,0.477977965,0.01510825,0.001167369,0.015585762,0.000445854,0.277785375,0.00466027,0.033690655
256,0.172861504,0.477348462,0.015082174,0.001166042,0.015576095,0.000445505,0.279171612,0.004686585,0.033662022
257,0.172148026,0.47673113,0.015053514,0.001164506,0.015563571,0.000445074,0.280547931,0.004712869,0.033633378
258,0.171438178,0.476126226,0.015022316,0.001162765,0.015548225,0.000444562,0.281913854,0.00473912,0.033604754
259,0.170732065,0.475533997,0.014988631,0.001160821,0.015530094,0.000443971,0.28326891,0.004765331,0.033576181
260,0.17002979,0.474954678,0.014952508,0.001158678,0.015509217,0.000443302,0.284612639,0.004791499,0.033547689
261,0.169331453,0.474388495,0.014914002,0.00115634,0.015485635,0.000442556,0.285944593,0.004817618,0.033519308
262,0.168637149,0.473835666,0.014873166,0.00115381,0.015459392,0.000441734,0.287264331,0.004843685,0.033491068
263,0.167946969,0.473296396,0.014830056,0.001151092,0.015430533,0.000440837,0.288571426,0.004869695,0.033462996
264,0.167261001,0.472770879,0.01478473,0.00114819,0.015399105,0.000439868,0.289865461,0.004895644,0.033435121
265,0.16657933,0.472259303,0.014737244,0.001145109,0.015365159,0.000438828,0.29114603,0.004921528,0.03340747
266,0.165902034,0.471761841,0.014687659,0.001141852,0.015328744,0.000437717,0.292412741,0.004947343,0.03338007
267,0.165229191,0.471278658,0.014636035,0.001138423,0.015289913,0.000436538,0.29366521,0.004973084,0.033352947
268,0.164560872,0.470809908,0.014582432,0.001134828,0.015248721,0.000435293,0.29490307,0.004998748,0.033326127
269,0.163897147,0.470355736,0.014526912,0.001131071,0.015205223,0.000433982,0.296125963,0.005024331,0.033299635
270,0.163238079,0.469916274,0.014469538,0.001127156,0.015159476,0.000432608,0.297333544,0.00504983,0.033273494
271,0.16258373,0.469491647,0.014410373,0.001123088,0.015111537,0.000431172,0.298525483,0.005075241,0.033247728
272,0.161934157,0.469081967,0.014349479,0.001118872,0.015061466,0.000429677,0.299701461,0.00510056,0.033222361
273,0.161289413,0.468687338,0.014286921,0.001114512,0.015009323,0.000428123,0.300861172,0.005125785,0.033197414
274,0.160649549,0.468307852,0.014222762,0.001110013,0.014955168,0.000426513,0.302004324,0.005150911,0.033172908
275,0.160014611,0.467943593,0.014157067,0.00110538,0.014899063,0.000424848,0.303130638,0.005175936,0.033148866
276,0.15938464,0.467594634,0.014089898,0.001100618,0.01484107,0.000423131,0.304239847,0.005200856,0.033125306
277,0.158759676,0.467261038,0.014021321,0.001095732,0.014781252,0.000421362,0.3053317,0.00522567,0.033102249
278,0.158139755,0.466942861,0.013951398,0.001090726,0.014719673,0.000419545,0.306405956,0.005250373,0.033079713
279,0.157524908,0.466640145,0.013880194,0.001085606,0.014656395,0.00041768,0.307462391,0.005274964,0.033057716
280,0.156915165,0.466352928,0.013807772,0.001080376,0.014591483,0.00041577,0.30850079,0.00529944,0.033036276
281,0.15631055,0.466081234,0.013734193,0.001075041,0.014525001,0.000413816,0.309520956,0.005323798,0.03301541
282,0.155711086,0.465825082,0.013659522,0.001069607,0.014457012,0.000411821,0.310522701,0.005348035,0.032995133
283,0.155116792,0.46558448,0.013583819,0.001064077,0.014387581,0.000409786,0.311505853,0.005372151,0.032975462
284,0.154527683,0.465359427,0.013507145,0.001058457,0.014316771,0.000407713,0.312470251,0.005396142,0.032956411
285,0.153943773,0.465149916,0.013429562,0.001052752,0.014244646,0.000405604,0.313415748,0.005420006,0.032937994
286,0.15336507,0.464955929,0.013351128,0.001046966,0.01417127,0.000403461,0.31434221,0.005443742,0.032920224
287,0.152791583,0.464777443,0.013271903,0.001041104,0.014096705,0.000401285,0.315249515,0.005467347,0.032903115
288,0.152223314,0.464614423,0.013191945,0.00103517,0.014021014,0.000399079,0.316137554,0.005490821,0.032886679
289,0.151660267,0.464466831,0.013111311,0.00102917,0.01394426,0.000396843,0.317006231,0.005514161,0.032870927
290,0.151102438,0.464334619,0.013030057,0.001023107,0.013866503,0.000394581,0.317855459,0.005537365,0.03285587
291,0.150549825,0.464217731,0.012948239,0.001016987,0.013787804,0.000392293,0.318685167,0.005560433,0.03284152
292,0.150002421,0.464116107,0.012865911,0.001010813,0.013708224,0.000389982,0.319495295,0.005583364,0.032827884
293,0.149460217,0.464029677,0.012783125,0.00100459,0.013627822,0.000387648,0.320285791,0.005606155,0.032814974
294,0.148923202,0.463958366,0.012699935,0.000998323,0.013546657,0.000385295,0.32105662,0.005628806,0.032802796
295,0.148391363,0.463902094,0.012616391,0.000992014,0.013464786,0.000382922,0.321807753,0.005651316,0.03279136
296,0.147864685,0.463860772,0.012532543,0.000985669,0.013382265,0.000380533,0.322539176,0.005673684,0.032780674
297,0.147343149,0.463834306,0.012448439,0.000979292,0.013299152,0.000378129,0.323250882,0.005695909,0.032770743
298,0.146826736,0.463822599,0.012364128,0.000972886,0.013215501,0.00037571,0.323942878,0.00571799,0.032761574
299,0.146315425,0.463825544,0.012279654,0.000966455,0.013131365,0.000373279,0.324615179,0.005739927,0.032753173
300,0.145809191,0.463843032,0.012195064,0.000960003,0.013046797,0.000370838,0.325267809,0.005761718,0.032745547
301,0.145308011,0.463874949,0.012110401,0.000953534,0.01296185,0.000368386,0.325900805,0.005783365,0.032738698
302,0.144811857,0.463921174,0.012025707,0.000947051,0.012876573,0.000365928,0.326514211,0.005804866,0.032732633
303,0.144320701,0.463981584,0.011941025,0.000940558,0.012791015,0.000363462,0.32710808,0.005826221,0.032727355
304,0.143834512,0.464056048,0.011856393,0.000934057,0.012705226,0.000360991,0.327682475,0.005847429,0.032722867
305,0.14335326,0.464144435,0.011771852,0.000927554,0.012619253,0.000358517,0.328237467,0.005868491,0.032719172
306,0.142876911,0.464246607,0.011687437,0.00092105,0.01253314,0.00035604,0.328773136,0.005889406,0.032716274
307,0.142405431,0.464362424,0.011603186,0.000914548,0.012446933,0.000353561,0.329289568,0.005910175,0.032714174
308,0.141938785,0.464491741,0.011519134,0.000908052,0.012360674,0.000351082,0.329786859,0.005930797,0.032712873
309,0.141476936,0.464634411,0.011435315,0.000901565,0.012274408,0.000348605,0.330265113,0.005951273,0.032712375
310,0.141019847,0.464790282,0.011351761,0.00089509,0.012188173,0.00034613,0.330724437,0.005971603,0.032712678
311,0.140567478,0.464959201,0.011268503,0.000888628,0.01210201,0.000343658,0.331164951,0.005991787,0.032713785
312,0.140119791,0.465141011,0.011185572,0.000882184,0.012015957,0.00034119,0.331586777,0.006011825,0.032715694
313,0.139676744,0.465335552,0.011102997,0.000875758,0.011930052,0.000338728,0.331990045,0.006031718,0.032718407
314,0.139238295,0.465542663,0.011020806,0.000869355,0.01184433,0.000336272,0.332374891,0.006051466,0.032721922
315,0.138804404,0.46576218,0.010939025,0.000862975,0.011758826,0.000333824,0.332741457,0.00607107,0.032726239
316,0.138375026,0.465993936,0.01085768,0.000856622,0.011673574,0.000331384,0.333089892,0.00609053,0.032731356
317,0.137950118,0.466237763,0.010776796,0.000850298,0.011588607,0.000328953,0.333420347,0.006109846,0.032737273
318,0.137529636,0.466493491,0.010696395,0.000844004,0.011503954,0.000326533,0.33373298,0.006129021,0.032743987
319,0.137113535,0.466760948,0.0106165,0.000837743,0.011419647,0.000324123,0.334027956,0.006148053,0.032751496
320,0.136701769,0.467039962,0.010537132,0.000831516,0.011335713,0.000321725,0.33430544,0.006166944,0.032759798
321,0.136294293,0.467330358,0.010458311,0.000825326,0.011252181,0.000319339,0.334565605,0.006185695,0.032768892
322,0.13589106,0.46763196,0.010380057,0.000819174,0.011169077,0.000316967,0.334808627,0.006204306,0.032778772
323,0.135492023,0.467944592,0.010302388,0.000813062,0.011086426,0.000314608,0.335034685,0.006222779,0.032789438
324,0.135097137,0.468268075,0.01022532,0.000806991,0.011004253,0.000312264,0.335243962,0.006241114,0.032800884
325,0.134706353,0.468602233,0.010148869,0.000800962,0.01092258,0.000309936,0.335436646,0.006259312,0.032813109
326,0.134319624,0.468946885,0.010073053,0.000794979,0.01084143,0.000307623,0.335612927,0.006277374,0.032826107
327,0.133936903,0.469301852,0.009997883,0.00078904,0.010760824,0.000305326,0.335772996,0.006295301,0.032839875
328,0.133558141,0.469666954,0.009923375,0.000783149,0.010680781,0.000303046,0.33591705,0.006313094,0.03285441
329,0.133183291,0.470042011,0.009849541,0.000777306,0.010601321,0.000300784,0.336045287,0.006330755,0.032869705
330,0.132812304,0.470426843,0.009776392,0.000771512,0.010522461,0.000298539,0.336157908,0.006348283,0.032885758
331,0.132445133,0.470821269,0.00970394,0.000765768,0.01044422,0.000296313,0.336255115,0.006365682,0.032902562
332,0.132081729,0.471225108,0.009632194,0.000760076,0.010366611,0.000294105,0.336337112,0.00638295,0.032920114
333,0.131722044,0.47163818,0.009561165,0.000754435,0.010289652,0.000291917,0.336404107,0.00640009,0.032938408
334,0.131366031,0.472060306,0.009490862,0.000748848,0.010213356,0.000289748,0.336456306,0.006417104,0.032957439
335,0.131013641,0.472491305,0.009421291,0.000743315,0.010137736,0.0002876,0.33649392,0.006433991,0.032977202
336,0.130664826,0.472930997,0.009352461,0.000737837,0.010062806,0.000285471,0.336517159,0.006450753,0.03299769
337,0.130319538,0.473379204,0.009284378,0.000732414,0.009988576,0.000283363,0.336526235,0.006467392,0.033018899
338,0.129977731,0.473835748,0.009217049,0.000727047,0.009915058,0.000281276,0.33652136,0.006483908,0.033040823
339,0.129639356,0.47430045,0.009150478,0.000721736,0.009842262,0.00027921,0.336502748,0.006500304,0.033063455
340,0.129304366,0.474773134,0.009084672,0.000716483,0.009770198,0.000277165,0.336470613,0.00651658,0.03308679
341,0.128972713,0.475253623,0.009019633,0.000711287,0.009698873,0.000275142,0.336425169,0.006532737,0.033110822
342,0.128644353,0.475741742,0.008955366,0.00070615,0.009628297,0.000273141,0.336366632,0.006548777,0.033135544
343,0.128319236,0.476237316,0.008891874,0.00070107,0.009558475,0.000271161,0.336295215,0.006564701,0.03316095
344,0.127997318,0.476740171,0.008829159,0.00069605,0.009489416,0.000269204,0.336211136,0.006580511,0.033187034
345,0.127678552,0.477250135,0.008767225,0.000691089,0.009421125,0.000267269,0.336114607,0.006596208,0.033213789
346,0.127362893,0.477767037,0.008706072,0.000686187,0.009353607,0.000265357,0.336005845,0.006611793,0.033241209
347,0.127050294,0.478290705,0.008645703,0.000681345,0.009286868,0.000263467,0.335885065,0.006627267,0.033269287
348,0.126740712,0.478820971,0.008586117,0.000676563,0.00922091,0.000261599,0.33575248,0.006642632,0.033298016
349,0.1264341,0.479357667,0.008527315,0.00067184,0.009155739,0.000259755,0.335608305,0.006657889,0.033327389
350,0.126130415,0.479900625,0.008469299,0.000667178,0.009091358,0.000257933,0.335452752,0.006673039,0.033357401
351,0.125829612,0.480449681,0.008412066,0.000662576,0.009027768,0.000256134,0.335286036,0.006688085,0.033388043
352,0.125531649,0.481004669,0.008355617,0.000658034,0.008964973,0.000254358,0.335108366,0.006703026,0.033419308
353,0.12523648,0.481565427,0.008299951,0.000653552,0.008902973,0.000252605,0.334919955,0.006717866,0.033451191
354,0.124944064,0.482131793,0.008245066,0.000649131,0.008841771,0.000250874,0.334721013,0.006732604,0.033483683
355,0.124654358,0.482703608,0.008190961,0.00064477,0.008781367,0.000249167,0.334511748,0.006747242,0.033516778
356,0.12436732,0.483280713,0.008137634,0.000640469,0.008721761,0.000247483,0.33429237,0.006761782,0.033550469
357,0.124082908,0.483862949,0.008085083,0.000636228,0.008662954,0.000245821,0.334063084,0.006776226,0.033584748
358,0.12380108,0.484450163,0.008033305,0.000632047,0.008604945,0.000244183,0.333824098,0.006790573,0.033619607
359,0.123521796,0.485042198,0.007982298,0.000627925,0.008547734,0.000242567,0.333575614,0.006804826,0.033655041
