"time","L","S","E","I_S","I_A","H","R","D","V","YIS","YIH","Vcon","XMAY"
"t","NCL","NCS","NCE","NCIS","NCIA","NCH","NCR","NCD","NCV"
0,0.266260097,0.463606046,0.00067033,0.00009283,0.00120986,0.000134158,0.266125939,0.00190074,0
1,0.266174788,0.464659094,0.000763672,0.000082945,0.001137632,0.000092978,0.26490159,0.001903993,0.000283308
2,0.266094013,0.465713321,0.000829215,0.000077277,0.00108894,0.000067438,0.263656821,0.001906588,0.000566386
3,0.266016206,0.466765801,0.000875885,0.000074241,0.001056518,0.000051672,0.262401657,0.001908782,0.000849239
4,0.265940304,0.467814562,0.00090974,0.000072819,0.001035388,0.00004201,0.261142568,0.001910738,0.00113187
5,0.265865588,0.468858281,0.000934902,0.000072368,0.001022134,0.000036157,0.25988374,0.001912556,0.001414275
6,0.265791565,0.469896068,0.000954176,0.000072484,0.001014404,0.000032673,0.258627882,0.001914296,0.001696453
7,0.265717898,0.47092733,0.000969473,0.000072918,0.001010578,0.000030657,0.257376749,0.001915998,0.001978399
8,0.265644354,0.471951671,0.0009821,0.000073519,0.001009537,0.000029547,0.25613148,0.001917683,0.002260109
9,0.265570773,0.472968829,0.000992951,0.000074199,0.001010505,0.00002899,0.254892811,0.001919365,0.002541578
10,0.265497039,0.473978635,0.001002637,0.000074906,0.001012943,0.000028769,0.253661218,0.001921053,0.002822801
11,0.265423072,0.474980978,0.00101158,0.000075615,0.001016476,0.000028749,0.252437008,0.00192275,0.003103773
12,0.26534881,0.475975792,0.00102007,0.000076313,0.001020842,0.000028846,0.251220378,0.00192446,0.00338449
13,0.265274209,0.476963035,0.001028307,0.000076997,0.001025859,0.000029011,0.250011454,0.001926183,0.003664945
14,0.265199233,0.477942688,0.001036433,0.000077666,0.001031398,0.000029214,0.248810314,0.00192792,0.003945135
15,0.265123854,0.478914742,0.001044543,0.000078323,0.001037369,0.000029437,0.247617007,0.001929671,0.004225053
16,0.265048048,0.479879198,0.001052706,0.000078972,0.001043709,0.00002967,0.246431564,0.001931437,0.004504696
17,0.264971794,0.48083606,0.001060971,0.000079617,0.001050374,0.000029909,0.245254,0.001933217,0.004784058
18,0.264895073,0.48178534,0.001069374,0.00008026,0.001057333,0.000030151,0.244084325,0.001935012,0.005063133
19,0.264817867,0.482727048,0.001077938,0.000080907,0.001064564,0.000030394,0.242922543,0.001936821,0.005341917
20,0.26474016,0.483661199,0.001086683,0.000081559,0.001072052,0.000030639,0.241768656,0.001938645,0.005620406
21,0.264661935,0.484587807,0.001095624,0.000082218,0.001079789,0.000030887,0.240622664,0.001940483,0.005898592
22,0.264583178,0.485506886,0.001104771,0.000082888,0.001087767,0.000031136,0.239484565,0.001942337,0.006176473
23,0.264503871,0.486418452,0.001114132,0.000083569,0.001095983,0.000031389,0.238354358,0.001944205,0.006454042
24,0.264424,0.487322518,0.001123715,0.000084263,0.001104434,0.000031646,0.23723204,0.001946089,0.006731294
25,0.264343548,0.4882191,0.001133527,0.000084971,0.001113121,0.000031907,0.236117612,0.001947989,0.007008225
26,0.264262501,0.489108212,0.001143573,0.000085694,0.001122043,0.000032174,0.235011071,0.001949904,0.007284828
27,0.264180843,0.489989868,0.001153857,0.000086433,0.001131201,0.000032445,0.233912417,0.001951836,0.007561099
28,0.264098557,0.49086408,0.001164385,0.000087189,0.001140598,0.000032722,0.232821651,0.001953784,0.007837033
29,0.264015628,0.491730863,0.00117516,0.000087962,0.001150236,0.000033005,0.231738772,0.00195575,0.008112624
30,0.263932039,0.492590227,0.001186188,0.000088753,0.001160117,0.000033295,0.230663781,0.001957733,0.008387867
31,0.263847774,0.493442185,0.001197473,0.000089562,0.001170244,0.000033591,0.229596682,0.001959734,0.008662757
32,0.263762816,0.494286748,0.001209018,0.00009039,0.00118062,0.000033893,0.228537475,0.001961753,0.008937288
33,0.263677148,0.495123926,0.001220829,0.000091237,0.001191249,0.000034203,0.227486164,0.00196379,0.009211454
34,0.263590754,0.495953729,0.001232909,0.000092103,0.001202133,0.00003452,0.226442753,0.001965847,0.009485252
35,0.263503616,0.496776168,0.001245263,0.00009299,0.001213277,0.000034844,0.225407246,0.001967924,0.009758674
36,0.263415716,0.497591249,0.001257895,0.000093896,0.001224684,0.000035175,0.224379648,0.00197002,0.010031716
37,0.263327037,0.498398982,0.00127081,0.000094823,0.001236359,0.000035514,0.223359965,0.001972137,0.010304372
38,0.263237561,0.499199374,0.001284013,0.000095772,0.001248305,0.000035861,0.222348204,0.001974274,0.010576636
39,0.263147269,0.499992431,0.001297508,0.000096741,0.001260526,0.000036216,0.221344373,0.001976433,0.010848503
40,0.263056142,0.500778159,0.001311301,0.000097732,0.001273027,0.000036578,0.220348478,0.001978614,0.011119968
41,0.262964163,0.501556564,0.001325395,0.000098746,0.001285812,0.000036949,0.21936053,0.001980817,0.011391023
42,0.262871312,0.50232765,0.001339797,0.000099781,0.001298886,0.000037328,0.218380538,0.001983043,0.011661665
43,0.262777569,0.503091422,0.001354511,0.00010084,0.001312252,0.000037716,0.217408512,0.001985293,0.011931886
44,0.262682914,0.503847881,0.001369542,0.000101922,0.001325917,0.000038112,0.216444464,0.001987566,0.012201681
45,0.262587329,0.504597031,0.001384897,0.000103027,0.001339885,0.000038517,0.215488406,0.001989864,0.012471045
46,0.262490792,0.505338873,0.001400579,0.000104156,0.00135416,0.000038931,0.214540351,0.001992186,0.01273997
47,0.262393283,0.506073409,0.001416596,0.00010531,0.001368749,0.000039353,0.213600313,0.001994534,0.013008452
48,0.262294781,0.506800638,0.001432953,0.000106489,0.001383655,0.000039785,0.212668307,0.001996908,0.013276484
49,0.262195265,0.507520559,0.001449655,0.000107692,0.001398885,0.000040226,0.211744349,0.001999309,0.01354406
50,0.262094713,0.508233171,0.001466708,0.000108922,0.001414443,0.000040677,0.210828455,0.002001736,0.013811174
51,0.261993104,0.508938472,0.001484119,0.000110177,0.001430336,0.000041137,0.209920643,0.002004192,0.01407782
52,0.261890414,0.509636459,0.001501894,0.000111459,0.001446569,0.000041608,0.209020931,0.002006675,0.01434399
53,0.261786622,0.510327128,0.001520039,0.000112768,0.001463147,0.000042088,0.208129339,0.002009188,0.01460968
54,0.261681705,0.511010474,0.00153856,0.000114105,0.001480077,0.000042578,0.207245888,0.00201173,0.014874882
55,0.261575639,0.511686491,0.001557465,0.000115469,0.001497365,0.000043079,0.206370599,0.002014302,0.01513959
56,0.261468401,0.512355174,0.001576759,0.000116862,0.001515016,0.00004359,0.205503495,0.002016905,0.015403798
57,0.261359966,0.513016514,0.00159645,0.000118284,0.001533038,0.000044111,0.204644599,0.00201954,0.015667498
58,0.26125031,0.513670504,0.001616544,0.000119736,0.001551436,0.000044644,0.203793936,0.002022206,0.015930685
59,0.261139409,0.514317133,0.001637049,0.000121217,0.001570217,0.000045188,0.202951532,0.002024905,0.01619335
60,0.261027236,0.514956394,0.001657972,0.000122728,0.001589387,0.000045743,0.202117414,0.002027638,0.016455488
61,0.260913768,0.515588273,0.00167932,0.000124271,0.001608954,0.000046309,0.201291609,0.002030405,0.016717091
62,0.260798976,0.516212761,0.0017011,0.000125845,0.001628924,0.000046887,0.200474147,0.002033206,0.016978153
63,0.260682836,0.516829842,0.001723321,0.000127452,0.001649305,0.000047477,0.199665059,0.002036043,0.017238666
64,0.26056532,0.517439505,0.001745989,0.000129091,0.001670103,0.000048079,0.198864375,0.002038916,0.017498623
65,0.260446401,0.518041734,0.001769113,0.000130763,0.001691325,0.000048693,0.198072128,0.002041826,0.017758017
66,0.260326051,0.518636514,0.001792701,0.000132469,0.00171298,0.00004932,0.197288352,0.002044773,0.01801684
67,0.260204242,0.519223827,0.001816761,0.000134209,0.001735075,0.000049959,0.196513083,0.00204776,0.018275084
68,0.260080945,0.519803657,0.001841301,0.000135984,0.001757617,0.000050612,0.195746356,0.002050785,0.018532743
69,0.259956132,0.520375984,0.001866329,0.000137795,0.001780614,0.000051277,0.194988209,0.00205385,0.018789809
70,0.259829773,0.520940789,0.001891855,0.000139643,0.001804075,0.000051956,0.194238681,0.002056957,0.019046273
71,0.259701837,0.521498051,0.001917886,0.000141527,0.001828006,0.000052648,0.193497812,0.002060104,0.019302128
72,0.259572295,0.522047749,0.001944431,0.000143448,0.001852418,0.000053355,0.192765644,0.002063295,0.019557366
73,0.259441115,0.522589859,0.0019715,0.000145408,0.001877317,0.000054075,0.192042219,0.002066528,0.019811978
74,0.259308266,0.523124357,0.001999102,0.000147407,0.001902712,0.00005481,0.191327582,0.002069806,0.020065957
75,0.259173716,0.52365122,0.002027245,0.000149445,0.001928613,0.000055559,0.190621778,0.002073129,0.020319294
76,0.259037433,0.52417042,0.002055939,0.000151523,0.001955028,0.000056323,0.189924855,0.002076498,0.020571981
77,0.258899384,0.524681931,0.002085194,0.000153643,0.001981965,0.000057103,0.189236859,0.002079913,0.020824008
78,0.258759535,0.525185724,0.002115019,0.000155803,0.002009434,0.000057897,0.188557842,0.002083377,0.021075369
79,0.258617852,0.52568177,0.002145423,0.000158007,0.002037444,0.000058708,0.187887855,0.002086889,0.021326052
80,0.258474302,0.526170039,0.002176417,0.000160253,0.002066004,0.000059534,0.18722695,0.002090451,0.021576051
81,0.258328848,0.5266505,0.002208011,0.000162543,0.002095124,0.000060376,0.186575181,0.002094063,0.021825354
82,0.258181456,0.527123119,0.002240214,0.000164877,0.002124814,0.000061235,0.185932604,0.002097727,0.022073955
83,0.258032089,0.527587863,0.002273037,0.000167257,0.002155082,0.000062111,0.185299276,0.002101444,0.022321842
84,0.257880712,0.528044696,0.00230649,0.000169683,0.00218594,0.000063003,0.184675256,0.002105214,0.022569006
85,0.257727286,0.528493584,0.002340584,0.000172155,0.002217396,0.000063913,0.184060604,0.002109039,0.022815439
86,0.257571774,0.528934488,0.00237533,0.000174675,0.002249461,0.00006484,0.183455382,0.00211292,0.023061129
87,0.257414138,0.529367371,0.002410737,0.000177244,0.002282146,0.000065786,0.182859654,0.002116857,0.023306068
88,0.257254339,0.529792192,0.002446817,0.000179862,0.00231546,0.000066749,0.182273483,0.002120853,0.023550245
89,0.257092339,0.530208911,0.002483581,0.00018253,0.002349414,0.000067731,0.181696938,0.002124907,0.02379365
90,0.256928096,0.530617487,0.002521039,0.000185248,0.002384019,0.000068732,0.181130086,0.002129021,0.024036273
91,0.256761571,0.531017875,0.002559203,0.000188018,0.002419285,0.000069752,0.180572996,0.002133197,0.024278102
92,0.256592723,0.531410033,0.002598084,0.000190841,0.002455223,0.000070791,0.180025741,0.002137435,0.024519128
93,0.25642151,0.531793914,0.002637693,0.000193717,0.002491845,0.00007185,0.179488393,0.002141737,0.02475934
94,0.256247889,0.532169473,0.002678042,0.000196648,0.002529161,0.000072929,0.178961028,0.002146104,0.024998726
95,0.25607182,0.532536661,0.002719142,0.000199633,0.002567182,0.000074029,0.178443722,0.002150537,0.025237275
96,0.255893257,0.532895429,0.002761004,0.000202674,0.00260592,0.000075149,0.177936552,0.002155037,0.025474977
97,0.255712158,0.533245728,0.002803641,0.000205772,0.002645387,0.00007629,0.177439599,0.002159605,0.02571182
98,0.255528478,0.533587506,0.002847063,0.000208928,0.002685592,0.000077453,0.176952945,0.002164244,0.025947791
99,0.255342172,0.533920711,0.002891283,0.000212142,0.002726549,0.000078637,0.176476673,0.002168953,0.02618288
100,0.255153194,0.53424529,0.002936313,0.000215415,0.002768268,0.000079844,0.176010867,0.002173735,0.026417074
101,0.2549615,0.534561188,0.002982163,0.000218749,0.002810762,0.000081072,0.175555615,0.002178591,0.02665036
102,0.254767041,0.534868349,0.003028846,0.000222145,0.002854042,0.000082324,0.175111004,0.002183522,0.026882728
103,0.254569771,0.535166716,0.003076374,0.000225602,0.002898119,0.000083598,0.174677126,0.002188529,0.027114164
104,0.254369643,0.535456231,0.003124759,0.000229122,0.002943007,0.000084896,0.174254072,0.002193615,0.027344655
105,0.254166608,0.535736836,0.003174012,0.000232707,0.002988716,0.000086217,0.173841936,0.002198779,0.027574188
106,0.253960617,0.53600847,0.003224146,0.000236356,0.003035259,0.000087563,0.173440813,0.002204025,0.027802752
107,0.253751621,0.536271072,0.003275171,0.000240071,0.003082648,0.000088933,0.1730508,0.002209352,0.028030331
108,0.253539571,0.53652458,0.003327101,0.000243852,0.003130894,0.000090328,0.172671996,0.002214764,0.028256913
109,0.253324416,0.53676893,0.003379947,0.000247701,0.003180011,0.000091748,0.172304502,0.002220261,0.028482485
110,0.253106105,0.537004059,0.00343372,0.000251619,0.003230009,0.000093193,0.171948421,0.002225844,0.028707031
111,0.252884587,0.5372299,0.003488432,0.000255606,0.003280901,0.000094664,0.171603855,0.002231516,0.028930539
112,0.25265981,0.537446389,0.003544095,0.000259663,0.003332699,0.000096162,0.17127091,0.002237277,0.029152994
113,0.252431722,0.537653457,0.00360072,0.000263792,0.003385416,0.000097686,0.170949695,0.00224313,0.029374382
114,0.252200271,0.537851037,0.003658319,0.000267992,0.003439062,0.000099236,0.170640318,0.002249076,0.029594689
115,0.251965403,0.53803906,0.003716902,0.000272266,0.003493649,0.000100814,0.17034289,0.002255117,0.029813898
116,0.251727064,0.538217457,0.003776482,0.000276613,0.003549191,0.00010242,0.170057522,0.002261254,0.030031996
117,0.251485202,0.538386157,0.003837068,0.000281035,0.003605698,0.000104053,0.16978433,0.002267489,0.030248968
118,0.251239761,0.538545088,0.003898672,0.000285533,0.003663182,0.000105714,0.169523428,0.002273824,0.030464797
119,0.250990686,0.53869418,0.003961305,0.000290107,0.003721655,0.000107404,0.169274933,0.00228026,0.03067947
120,0.250737924,0.538833359,0.004024976,0.000294759,0.003781128,0.000109123,0.169038964,0.0022868,0.030892969
121,0.250481417,0.538962553,0.004089695,0.000299488,0.003841612,0.000110871,0.168815641,0.002293444,0.031105279
122,0.250221112,0.539081687,0.004155474,0.000304297,0.003903119,0.000112649,0.168605085,0.002300194,0.031316383
123,0.249956951,0.539190688,0.004222321,0.000309185,0.00396566,0.000114456,0.168407419,0.002307053,0.031526267
124,0.249688878,0.539289481,0.004290245,0.000314153,0.004029245,0.000116294,0.168222768,0.002314023,0.031734913
125,0.249416838,0.539377991,0.004359256,0.000319203,0.004093885,0.000118161,0.168051256,0.002321104,0.031942305
126,0.249140773,0.539456143,0.004429363,0.000324335,0.004159591,0.00012006,0.167893011,0.002328299,0.032148425
127,0.248860627,0.539523861,0.004500573,0.00032955,0.004226372,0.00012199,0.167748161,0.002335609,0.032353258
128,0.248576342,0.53958107,0.004572894,0.000334848,0.004294238,0.000123951,0.167616834,0.002343038,0.032556786
129,0.248287862,0.539627693,0.004646335,0.00034023,0.004363199,0.000125943,0.167499162,0.002350585,0.032758991
130,0.247995129,0.539663655,0.004720902,0.000345697,0.004433263,0.000127967,0.167395275,0.002358254,0.032959857
131,0.247698087,0.539688881,0.004796601,0.000351249,0.004504441,0.000130024,0.167305306,0.002366046,0.033159366
132,0.247396677,0.539703293,0.004873439,0.000356887,0.00457674,0.000132112,0.167229388,0.002373964,0.033357499
133,0.247090844,0.539706818,0.004951422,0.000362611,0.004650169,0.000134233,0.167167654,0.002382008,0.03355424
134,0.24678053,0.539699379,0.005030554,0.000368423,0.004724735,0.000136387,0.16712024,0.002390181,0.03374957
135,0.246465678,0.539680902,0.00511084,0.000374322,0.004800446,0.000138574,0.167087281,0.002398485,0.033943472
136,0.246146231,0.539651313,0.005192284,0.000380308,0.004877307,0.000140794,0.167068913,0.002406923,0.034135926
137,0.245822134,0.539610538,0.005274889,0.000386383,0.004955327,0.000143048,0.167065272,0.002415495,0.034326915
138,0.245493328,0.539558505,0.005358657,0.000392546,0.00503451,0.000145335,0.167076495,0.002424204,0.03451642
139,0.24515976,0.53949514,0.00544359,0.000398799,0.005114862,0.000147655,0.16710272,0.002433052,0.034704423
140,0.244821373,0.539420374,0.00552969,0.00040514,0.005196387,0.000150009,0.167144082,0.002442041,0.034890905
141,0.244478111,0.539334135,0.005616956,0.00041157,0.005279089,0.000152397,0.16720072,0.002451173,0.035075848
142,0.244129922,0.539236355,0.005705389,0.00041809,0.005362972,0.00015482,0.167272771,0.00246045,0.035259232
143,0.243776749,0.539126967,0.005794986,0.0004247,0.005448039,0.000157276,0.167360371,0.002469873,0.035441039
144,0.24341854,0.539005904,0.005885746,0.000431399,0.005534292,0.000159766,0.167463658,0.002479446,0.035621249
145,0.243055242,0.538873101,0.005977665,0.000438188,0.005621731,0.00016229,0.167582768,0.00248917,0.035799846
146,0.242686803,0.538728495,0.00607074,0.000445066,0.005710358,0.000164849,0.167717835,0.002499046,0.035976808
147,0.242313172,0.538572027,0.006164965,0.000452033,0.005800172,0.000167441,0.167868995,0.002509078,0.036152117
148,0.241934297,0.538403635,0.006260335,0.000459089,0.005891172,0.000170068,0.168036382,0.002519266,0.036325755
149,0.24155013,0.538223264,0.006356842,0.000466234,0.005983356,0.000172728,0.168220129,0.002529614,0.036497702
150,0.241160622,0.538030859,0.006454478,0.000473468,0.006076721,0.000175423,0.168420367,0.002540123,0.03666794
151,0.240765725,0.537826368,0.006553234,0.000480789,0.006171263,0.000178151,0.168637226,0.002550795,0.03683645
152,0.240365393,0.53760974,0.006653099,0.000488197,0.006266978,0.000180913,0.168870836,0.002561631,0.037003213
153,0.239959581,0.53738093,0.006754062,0.000495692,0.00636386,0.000183708,0.169121323,0.002572635,0.03716821
154,0.239548244,0.537139893,0.00685611,0.000503273,0.006461902,0.000186536,0.169388812,0.002583808,0.037331423
155,0.239131341,0.536886588,0.006959228,0.00051094,0.006561095,0.000189398,0.169673426,0.002595151,0.037492833
156,0.238708831,0.536620979,0.007063402,0.00051869,0.006661431,0.000192292,0.169975286,0.002606667,0.037652422
157,0.238280673,0.53634303,0.007168615,0.000526524,0.0067629,0.000195219,0.170294509,0.002618358,0.037810172
158,0.23784683,0.536052712,0.007274849,0.00053444,0.00686549,0.000198177,0.170631212,0.002630226,0.037966065
159,0.237407265,0.535749998,0.007382083,0.000542437,0.006969189,0.000201168,0.170985505,0.002642271,0.038120082
160,0.236961945,0.535434866,0.007490299,0.000550514,0.007073982,0.000204189,0.1713575,0.002654497,0.038272208
161,0.236510836,0.535107296,0.007599472,0.00055867,0.007179855,0.000207242,0.171747301,0.002666905,0.038422423
162,0.236053908,0.534767275,0.007709579,0.000566902,0.007286791,0.000210324,0.172155012,0.002679497,0.038570711
163,0.235591132,0.534414793,0.007820596,0.00057521,0.007394773,0.000213437,0.172580729,0.002692275,0.038717055
164,0.235122482,0.534049846,0.007932496,0.000583591,0.007503781,0.000216578,0.173024548,0.002705239,0.038861439
165,0.234647933,0.533672434,0.008045249,0.000592044,0.007613794,0.000219749,0.173486559,0.002718393,0.039003846
166,0.234167463,0.533282562,0.008158827,0.000600567,0.00772479,0.000222947,0.173966847,0.002731737,0.03914426
167,0.233681053,0.53288024,0.008273197,0.000609158,0.007836747,0.000226173,0.174465494,0.002745273,0.039282666
168,0.233188685,0.532465484,0.008388328,0.000617815,0.007949639,0.000229425,0.174982574,0.002759002,0.039419049
169,0.232690344,0.532038317,0.008504184,0.000626535,0.008063439,0.000232702,0.175518157,0.002772927,0.039553394
170,0.23218602,0.531598766,0.008620729,0.000635316,0.00817812,0.000236005,0.17607231,0.002787048,0.039685687
171,0.231675701,0.531146864,0.008737925,0.000644155,0.008293652,0.000239332,0.17664509,0.002801368,0.039815913
172,0.231159382,0.530682652,0.008855733,0.00065305,0.008410004,0.000242681,0.177236551,0.002815886,0.039944061
173,0.23063706,0.530206175,0.008974111,0.000661999,0.008527142,0.000246053,0.177846739,0.002830605,0.040070116
174,0.230108733,0.529717487,0.009093018,0.000670998,0.008645033,0.000249446,0.178475694,0.002845525,0.040194066
175,0.229574403,0.529216647,0.009212408,0.000680043,0.008763641,0.00025286,0.179123448,0.002860648,0.040315901
176,0.229034077,0.528703722,0.009332235,0.000689133,0.008882929,0.000256292,0.179790029,0.002875975,0.040435608
177,0.228487763,0.528178785,0.009452452,0.000698264,0.009002856,0.000259742,0.180475453,0.002891507,0.040553178
178,0.227935473,0.527641917,0.00957301,0.000707432,0.009123382,0.000263208,0.181179732,0.002907245,0.0406686
179,0.227377222,0.527093208,0.009693858,0.000716634,0.009244465,0.00026669,0.181902869,0.002923189,0.040781866
180,0.226813029,0.526532751,0.009814944,0.000725867,0.00936606,0.000270186,0.182644857,0.002939341,0.040892966
181,0.226242917,0.525960652,0.009936212,0.000735125,0.009488122,0.000273694,0.183405684,0.002955701,0.041001893
182,0.22566691,0.525377022,0.010057609,0.000744407,0.009610603,0.000277214,0.184185325,0.002972269,0.041108641
183,0.225085039,0.524781979,0.010179077,0.000753707,0.009733454,0.000280744,0.184983751,0.002989046,0.041213202
184,0.224497337,0.524175652,0.010300558,0.000763021,0.009856625,0.000284282,0.185800919,0.003006034,0.041315572
185,0.223903839,0.523558176,0.010421992,0.000772346,0.009980064,0.000287827,0.186636779,0.003023231,0.041415746
186,0.223304588,0.522929696,0.010543317,0.000781677,0.010103717,0.000291378,0.18749127,0.003040638,0.04151372
187,0.222699626,0.522290363,0.010664472,0.000791009,0.010227528,0.000294932,0.188364324,0.003058255,0.041609491
188,0.222089003,0.521640338,0.010785393,0.000800338,0.010351441,0.000298488,0.189255858,0.003076083,0.041703058
189,0.221472771,0.520979791,0.010906014,0.000809659,0.010475398,0.000302044,0.190165783,0.003094121,0.041794418
190,0.220850985,0.5203089,0.01102627,0.000818968,0.010599339,0.000305599,0.191093997,0.003112369,0.041883573
191,0.220223705,0.519627852,0.011146093,0.000828259,0.010723203,0.000309151,0.192040388,0.003130826,0.041970523
192,0.219590995,0.518936841,0.011265415,0.000837528,0.010846928,0.000312698,0.193004832,0.003149494,0.042055269
193,0.218952924,0.518236072,0.011384168,0.00084677,0.010970451,0.000316238,0.193987194,0.00316837,0.042137815
194,0.218309562,0.517525758,0.011502281,0.000855979,0.011093705,0.000319769,0.194987329,0.003187454,0.042218163
195,0.217660986,0.516806119,0.011619683,0.00086515,0.011216626,0.00032329,0.19600508,0.003206746,0.04229632
196,0.217007276,0.516077386,0.011736303,0.000874278,0.011339147,0.000326797,0.197040276,0.003226244,0.042372291
197,0.216348515,0.515339799,0.01185207,0.000883358,0.011461199,0.00033029,0.198092737,0.003245949,0.042446083
198,0.215684791,0.514593603,0.01196691,0.000892384,0.011582713,0.000333767,0.199162271,0.003265857,0.042517703
199,0.215016196,0.513839056,0.012080751,0.000901351,0.011703619,0.000337225,0.200248671,0.00328597,0.042587162
200,0.214342825,0.513076421,0.012193519,0.000910254,0.011823847,0.000340662,0.20135172,0.003306284,0.042654468
201,0.213664778,0.512305971,0.012305141,0.000919086,0.011943325,0.000344076,0.20247119,0.003326799,0.042719634
202,0.212982157,0.511527987,0.012415544,0.000927842,0.012061981,0.000347465,0.203606839,0.003347513,0.042782671
203,0.212295071,0.510742759,0.012524654,0.000936516,0.012179742,0.000350828,0.204758412,0.003368425,0.042843594
204,0.211603628,0.509950583,0.012632397,0.000945104,0.012296536,0.000354161,0.205925642,0.003389531,0.042902416
205,0.210907945,0.509151765,0.012738701,0.000953599,0.012412288,0.000357463,0.207108253,0.003410832,0.042959154
206,0.210208138,0.508346616,0.012843493,0.000961996,0.012526926,0.000360731,0.208305951,0.003432324,0.043013824
207,0.20950433,0.507535458,0.012946701,0.000970289,0.012640375,0.000363964,0.209518434,0.003454005,0.043066445
208,0.208796644,0.506718616,0.013048252,0.000978472,0.012752561,0.00036716,0.210745387,0.003475873,0.043117034
209,0.20808521,0.505896427,0.013148076,0.000986541,0.012863411,0.000370315,0.211986481,0.003497926,0.043165613
210,0.207370157,0.50506923,0.013246104,0.000994489,0.012972852,0.000373429,0.213241377,0.00352016,0.043212203
211,0.206651622,0.504237374,0.013342264,0.00100231,0.013080809,0.000376498,0.214509723,0.003542573,0.043256826
212,0.205929741,0.503401213,0.013436491,0.001010001,0.01318721,0.000379521,0.215791156,0.003565163,0.043299505
213,0.205204654,0.502561106,0.013528716,0.001017554,0.013291983,0.000382497,0.217085299,0.003587926,0.043340265
214,0.204476505,0.501717419,0.013618874,0.001024965,0.013395057,0.000385421,0.218391767,0.00361086,0.043379132
215,0.203745439,0.500870524,0.013706901,0.001032229,0.013496359,0.000388294,0.219710161,0.00363396,0.043416132
216,0.203011605,0.500020797,0.013792735,0.001039341,0.013595821,0.000391112,0.221040072,0.003657225,0.043451293
217,0.202275153,0.499168618,0.013876314,0.001046295,0.013693372,0.000393874,0.222381081,0.003680649,0.043484643
218,0.201536236,0.498314373,0.013957579,0.001053087,0.013788946,0.000396577,0.223732758,0.00370423,0.043516213
219,0.200795009,0.497458452,0.014036474,0.001059711,0.013882476,0.00039922,0.22509466,0.003727965,0.043546032
220,0.200051629,0.496601248,0.014112943,0.001066163,0.013973896,0.000401802,0.226466338,0.003751849,0.043574133
221,0.199306253,0.495743156,0.014186932,0.001072439,0.014063143,0.000404319,0.227847332,0.003775878,0.043600547
222,0.198559043,0.494884577,0.014258392,0.001078535,0.014150154,0.000406771,0.229237172,0.003800049,0.043625308
223,0.19781016,0.494025911,0.014327273,0.001084445,0.014234869,0.000409155,0.23063538,0.003824357,0.04364845
224,0.197059766,0.493167564,0.014393529,0.001090166,0.01431723,0.00041147,0.232041468,0.003848798,0.043670008
225,0.196308025,0.492309941,0.014457116,0.001095693,0.014397179,0.000413715,0.233454942,0.003873369,0.043690019
226,0.195555103,0.491453448,0.014517994,0.001101024,0.014474662,0.000415888,0.234875299,0.003898064,0.043708518
227,0.194801165,0.490598494,0.014576124,0.001106155,0.014549626,0.000417986,0.236302028,0.003922879,0.043725542
228,0.194046376,0.489745487,0.014631469,0.001111082,0.014622021,0.00042001,0.237734614,0.003947811,0.043741131
229,0.193290903,0.488894836,0.014683997,0.001115802,0.014691798,0.000421957,0.239172532,0.003972853,0.043755322
230,0.192534914,0.488046947,0.014733678,0.001120312,0.014758913,0.000423827,0.240615254,0.003998001,0.043768154
231,0.191778573,0.487202229,0.014780483,0.001124609,0.014823321,0.000425618,0.242062245,0.004023252,0.043779668
232,0.19102205,0.486361088,0.01482439,0.001128691,0.014884983,0.000427328,0.243512967,0.004048599,0.043789904
233,0.190265508,0.485523927,0.014865376,0.001132556,0.01494386,0.000428958,0.244966874,0.004074039,0.043798902
234,0.189509115,0.484691149,0.014903423,0.0011362,0.014999918,0.000430505,0.246423421,0.004099565,0.043806704
235,0.188753034,0.483863153,0.014938515,0.001139623,0.015053122,0.00043197,0.247882056,0.004125174,0.043813352
236,0.187997431,0.483040336,0.014970641,0.001142822,0.015103444,0.000433351,0.249342226,0.004150861,0.043818888
237,0.187242468,0.482223092,0.014999791,0.001145797,0.015150858,0.000434647,0.250803375,0.004176619,0.043823353
238,0.186488308,0.481411811,0.015025958,0.001148546,0.015195338,0.000435858,0.252264946,0.004202445,0.043826791
239,0.18573511,0.480606876,0.015049139,0.001151067,0.015236864,0.000436984,0.253726381,0.004228332,0.043829245
240,0.184983035,0.479808671,0.015069335,0.001153361,0.015275419,0.000438024,0.255187122,0.004254277,0.043830758
241,0.184232239,0.47901757,0.015086548,0.001155427,0.015310986,0.000438977,0.256646609,0.004280273,0.043831372
242,0.183482878,0.478233944,0.015100784,0.001157263,0.015343555,0.000439843,0.258104284,0.004306316,0.043831132
243,0.182735105,0.477458159,0.015112052,0.001158871,0.015373116,0.000440622,0.259559592,0.004332401,0.043830081
244,0.181989073,0.476690574,0.015120364,0.001160251,0.015399663,0.000441314,0.261011977,0.004358522,0.043828263
245,0.181244929,0.475931541,0.015125735,0.001161402,0.015423193,0.00044192,0.262460886,0.004384674,0.04382572
246,0.180502822,0.475181406,0.015128182,0.001162326,0.015443707,0.000442438,0.263905771,0.004410853,0.043822496
247,0.179762895,0.474440509,0.015127726,0.001163023,0.015461208,0.000442869,0.265346083,0.004437052,0.043818634
248,0.17902529,0.473709181,0.01512439,0.001163495,0.015475702,0.000443214,0.266781283,0.004463268,0.043814179
249,0.178290145,0.472987746,0.0151182,0.001163742,0.015487197,0.000443472,0.268210832,0.004489494,0.043809172
250,0.177557598,0.472276522,0.015109184,0.001163766,0.015495707,0.000443645,0.269634197,0.004515725,0.043803656
251,0.176827779,0.471575816,0.015097375,0.00116357,0.015501245,0.000443732,0.271050851,0.004541958,0.043797674
252,0.17610082,0.470885928,0.015082804,0.001163154,0.01550383,0.000443735,0.272460275,0.004568186,0.043791268
253,0.175376848,0.47020715,0.015065508,0.001162521,0.015503483,0.000443653,0.273861952,0.004594405,0.04378448
254,0.174655985,0.469539763,0.015045526,0.001161674,0.015500225,0.000443488,0.275255378,0.00462061,0.043777352
255,0.173938352,0.468884043,0.015022897,0.001160614,0.015494084,0.00044324,0.276640051,0.004646796,0.043769924
256,0.173224065,0.468240252,0.014997664,0.001159345,0.015485088,0.000442911,0.27801548,0.004672958,0.043762237
257,0.172513238,0.467608647,0.014969872,0.001157869,0.015473267,0.000442501,0.279381183,0.004699092,0.043754331
258,0.17180598,0.466989473,0.014939567,0.001156189,0.015458656,0.000442012,0.280736685,0.004725193,0.043746247
259,0.171102397,0.466382965,0.014906797,0.001154309,0.015441289,0.000441443,0.28208152,0.004751256,0.043738023
260,0.170402592,0.465789351,0.014871613,0.001152232,0.015421206,0.000440798,0.283415234,0.004777277,0.043729698
261,0.169706664,0.465208846,0.014834066,0.001149962,0.015398445,0.000440076,0.284737381,0.004803251,0.04372131
262,0.169014707,0.464641657,0.014794209,0.001147501,0.015373051,0.000439279,0.286047526,0.004829174,0.043712897
263,0.168326813,0.464087981,0.014752096,0.001144855,0.015345066,0.000438408,0.287345244,0.004855042,0.043704494
264,0.167643069,0.463548005,0.014707783,0.001142026,0.015314538,0.000437466,0.288630123,0.00488085,0.04369614
265,0.166963559,0.463021904,0.014661327,0.001139019,0.015281514,0.000436452,0.289901761,0.004906595,0.043687868
266,0.166288364,0.462509845,0.014612786,0.001135838,0.015246044,0.00043537,0.291159766,0.004932272,0.043679714
267,0.165617559,0.462011985,0.014562219,0.001132487,0.01520818,0.000434219,0.292403759,0.004957878,0.043671713
268,0.164951217,0.46152847,0.014509686,0.001128971,0.015167973,0.000433003,0.293633375,0.004983408,0.043663897
269,0.164289406,0.461059436,0.014455247,0.001125293,0.01512548,0.000431722,0.294848258,0.00500886,0.043656299
270,0.163632192,0.46060501,0.014398963,0.001121459,0.015080754,0.000430377,0.296048066,0.005034228,0.043648951
271,0.162979636,0.460165307,0.014340896,0.001117472,0.015033853,0.000428972,0.29723247,0.00505951,0.043641884
272,0.162331795,0.459740434,0.014281109,0.001113338,0.014984834,0.000427507,0.298401152,0.005084703,0.043635129
273,0.161688723,0.459330487,0.014219662,0.001109062,0.014933756,0.000425985,0.299553808,0.005109802,0.043628715
274,0.16105047,0.458935553,0.01415662,0.001104647,0.01488068,0.000424406,0.300690147,0.005134806,0.043622672
275,0.160417083,0.45855571,0.014092045,0.001100098,0.014825664,0.000422773,0.301809891,0.00515971,0.043617026
276,0.159788605,0.458191025,0.014026,0.001095421,0.014768771,0.000421087,0.302912774,0.005184511,0.043611806
277,0.159165075,0.457841556,0.013958547,0.001090621,0.014710061,0.000419351,0.303998544,0.005209208,0.043607038
278,0.15854653,0.457507351,0.013889749,0.001085701,0.014649597,0.000417566,0.305066962,0.005233796,0.043602748
279,0.157933002,0.457188451,0.01381967,0.001080666,0.014587442,0.000415734,0.306117802,0.005258273,0.04359896
280,0.157324521,0.456884887,0.01374837,0.001075523,0.014523657,0.000413856,0.30715085,0.005282637,0.043595698
281,0.156721113,0.456596679,0.013675913,0.001070274,0.014458306,0.000411936,0.308165907,0.005306886,0.043592987
282,0.1561228,0.456323843,0.013602358,0.001064926,0.014391451,0.000409973,0.309162786,0.005331016,0.043590847
283,0.155529603,0.456066381,0.013527768,0.001059482,0.014323156,0.000407971,0.310141313,0.005355026,0.043589301
284,0.154941538,0.45582429,0.013452202,0.001053948,0.014253483,0.000405931,0.311101327,0.005378913,0.043588369
285,0.154358618,0.455597558,0.013375719,0.001048329,0.014182495,0.000403854,0.312042679,0.005402676,0.043588072
286,0.153780854,0.455386167,0.01329838,0.001042628,0.014110254,0.000401744,0.312965232,0.005426312,0.043588429
287,0.153208254,0.455190087,0.013220242,0.001036851,0.014036823,0.000399601,0.313868865,0.005449819,0.043589458
288,0.152640824,0.455009283,0.013141362,0.001031002,0.013962262,0.000397427,0.314753466,0.005473197,0.043591177
289,0.152078564,0.454843714,0.013061797,0.001025086,0.013886634,0.000395224,0.315618935,0.005496443,0.043593603
290,0.151521476,0.454693329,0.012981603,0.001019107,0.013809998,0.000392994,0.316465187,0.005519555,0.043596752
291,0.150969555,0.454558071,0.012900834,0.001013069,0.013732415,0.000390738,0.317292145,0.005542533,0.043600639
292,0.150422798,0.454437876,0.012819543,0.001006978,0.013653944,0.000388458,0.318099748,0.005565375,0.04360528
293,0.149881195,0.454332676,0.012737784,0.001000836,0.013574644,0.000386156,0.318887942,0.00558808,0.043610687
294,0.149344737,0.454242392,0.012655608,0.000994649,0.013494572,0.000383834,0.319656688,0.005610646,0.043616875
295,0.148813411,0.454166942,0.012573065,0.000988421,0.013413785,0.000381493,0.320405955,0.005633073,0.043623855
296,0.148287203,0.454106238,0.012490205,0.000982155,0.01333234,0.000379134,0.321135725,0.00565536,0.04363164
297,0.147766097,0.454060185,0.012407075,0.000975855,0.013250292,0.00037676,0.32184599,0.005677505,0.043640241
298,0.147250073,0.454028683,0.012323724,0.000969526,0.013167694,0.000374372,0.322536752,0.005699509,0.043649668
299,0.146739111,0.454011627,0.012240196,0.000963172,0.013084601,0.000371971,0.323208022,0.00572137,0.043659931
300,0.146233189,0.454008907,0.012156537,0.000956795,0.013001064,0.000369558,0.323859824,0.005743088,0.043671038
301,0.145732283,0.454020408,0.012072789,0.0009504,0.012917134,0.000367136,0.324492188,0.005764662,0.043683
302,0.145236367,0.454046009,0.011988996,0.00094399,0.012832862,0.000364706,0.325105156,0.005786092,0.043695823
303,0.144745412,0.454085587,0.011905198,0.000937568,0.012748296,0.000362268,0.325698777,0.005807378,0.043709515
304,0.144259392,0.454139012,0.011821435,0.000931139,0.012663485,0.000359825,0.326273111,0.005828519,0.043724082
305,0.143778274,0.454206153,0.011737746,0.000924704,0.012578474,0.000357378,0.326828224,0.005849515,0.043739531
306,0.143302027,0.454286872,0.011654167,0.000918269,0.01249331,0.000354928,0.327364194,0.005870366,0.043755868
307,0.142830618,0.45438103,0.011570736,0.000911834,0.012408036,0.000352476,0.327881102,0.005891072,0.043773096
308,0.142364012,0.454488482,0.011487487,0.000905404,0.012322696,0.000350023,0.32837904,0.005911633,0.043791221
309,0.141902174,0.454609082,0.011404454,0.000898982,0.012237332,0.000347571,0.328858109,0.005932049,0.043810247
310,0.141445068,0.45474268,0.011321669,0.000892569,0.012151984,0.000345121,0.329318412,0.005952321,0.043830177
311,0.140992654,0.454889123,0.011239163,0.00088617,0.012066691,0.000342674,0.329760064,0.005972447,0.043851014
312,0.140544895,0.455048255,0.011156967,0.000879786,0.011981492,0.00034023,0.330183183,0.00599243,0.043872761
313,0.140101751,0.455219918,0.011075111,0.00087342,0.011896425,0.000337792,0.330587896,0.006012269,0.043895419
314,0.139663181,0.455403951,0.01099362,0.000867075,0.011811524,0.000335359,0.330974336,0.006031964,0.04391899
315,0.139229143,0.455600192,0.010912523,0.000860752,0.011726824,0.000332934,0.331342639,0.006051517,0.043943476
316,0.138799597,0.455808475,0.010831845,0.000854455,0.011642359,0.000330516,0.33169295,0.006070926,0.043968876
317,0.138374498,0.456028634,0.01075161,0.000848185,0.011558162,0.000328107,0.332025418,0.006090194,0.043995192
318,0.137953804,0.456260501,0.010671842,0.000841944,0.011474262,0.000325707,0.332340196,0.006109321,0.044022422
319,0.137537471,0.456503905,0.010592563,0.000835734,0.011390691,0.000323318,0.332637443,0.006128307,0.044050568
320,0.137125454,0.456758676,0.010513795,0.000829558,0.011307476,0.00032094,0.332917323,0.006147152,0.044079627
321,0.136717707,0.457024639,0.010435557,0.000823417,0.011224645,0.000318574,0.333180004,0.006165859,0.044109598
322,0.136314186,0.457301622,0.010357868,0.000817313,0.011142226,0.000316221,0.333425657,0.006184427,0.04414048
323,0.135914844,0.45758945,0.010280748,0.000811247,0.011060242,0.000313881,0.333654459,0.006202858,0.044172272
324,0.135519636,0.457887946,0.010204213,0.000805221,0.010978719,0.000311555,0.333866589,0.006221152,0.04420497
325,0.135128515,0.458196934,0.010128279,0.000799237,0.010897679,0.000309244,0.334062229,0.00623931,0.044238572
326,0.134741435,0.458516238,0.010052963,0.000793296,0.010817145,0.000306948,0.334241567,0.006257333,0.044273076
327,0.134358347,0.45884568,0.009978278,0.000787399,0.010737138,0.000304668,0.33440479,0.006275222,0.044308478
328,0.133979206,0.459185081,0.009904239,0.000781547,0.010657677,0.000302405,0.334552091,0.006292978,0.044344774
329,0.133603964,0.459534265,0.009830858,0.000775743,0.010578783,0.000300158,0.334683665,0.006310603,0.044381962
330,0.133232573,0.459893051,0.009758147,0.000769987,0.010500472,0.000297929,0.334799709,0.006328096,0.044420037
331,0.132864987,0.460261262,0.009686117,0.00076428,0.010422763,0.000295717,0.33490042,0.00634546,0.044458995
332,0.132501157,0.460638719,0.009614779,0.000758622,0.010345671,0.000293524,0.334986001,0.006362695,0.044498831
333,0.132141037,0.461025245,0.009544143,0.000753016,0.010269211,0.00029135,0.335056654,0.006379802,0.044539542
334,0.131784578,0.461420661,0.009474217,0.000747462,0.010193399,0.000289195,0.335112584,0.006396783,0.044581121
335,0.131431734,0.461824789,0.00940501,0.000741961,0.010118247,0.000287059,0.335153997,0.006413639,0.044623564
336,0.131082456,0.462237452,0.009336529,0.000736513,0.010043769,0.000284943,0.3351811,0.006430371,0.044666867
337,0.130736699,0.462658474,0.009268782,0.000731119,0.009969976,0.000282847,0.335194101,0.00644698,0.044711022
338,0.130394414,0.463087678,0.009201774,0.00072578,0.00989688,0.000280771,0.335193211,0.006463467,0.044756025
339,0.130055555,0.463524889,0.009135511,0.000720497,0.00982449,0.000278716,0.335178638,0.006479834,0.04480187
340,0.129720075,0.463969931,0.009069998,0.00071527,0.009752817,0.000276683,0.335150594,0.006496082,0.04484855
341,0.129387928,0.464422631,0.009005241,0.000710099,0.009681869,0.00027467,0.33510929,0.006512212,0.04489606
342,0.129059067,0.464882815,0.008941241,0.000704986,0.009611654,0.000272678,0.335054939,0.006528225,0.044944394
343,0.128733446,0.465350311,0.008878005,0.00069993,0.009542181,0.000270709,0.334987752,0.006544123,0.044993544
344,0.128411019,0.465824948,0.008815533,0.000694931,0.009473455,0.00026876,0.334907942,0.006559907,0.045043505
345,0.12809174,0.466306554,0.008753829,0.000689991,0.009405483,0.000266834,0.33481572,0.006575578,0.04509427
346,0.127775565,0.466794961,0.008692894,0.000685109,0.009338271,0.00026493,0.334711299,0.006591138,0.045145832
347,0.127462448,0.467290001,0.00863273,0.000680286,0.009271824,0.000263048,0.334594891,0.006606588,0.045198183
348,0.127152345,0.467791506,0.008573339,0.000675522,0.009206145,0.000261188,0.334466708,0.006621929,0.045251317
349,0.126845211,0.46829931,0.00851472,0.000670817,0.00914124,0.000259351,0.334326961,0.006637163,0.045305227
350,0.126541002,0.468813249,0.008456875,0.00066617,0.009077111,0.000257536,0.33417586,0.00665229,0.045359906
351,0.126239674,0.469333159,0.008399803,0.000661584,0.009013762,0.000255743,0.334013616,0.006667313,0.045415346
352,0.125941185,0.469858879,0.008343504,0.000657056,0.008951194,0.000253973,0.333840438,0.006682232,0.045471539
353,0.12564549,0.470390247,0.008287976,0.000652588,0.00888941,0.000252226,0.333656534,0.00669705,0.045528479
354,0.125352548,0.470927104,0.00823322,0.000648179,0.008828411,0.000250501,0.333462114,0.006711766,0.045586158
355,0.125062316,0.471469292,0.008179233,0.00064383,0.008768198,0.000248799,0.333257382,0.006726383,0.045644567
356,0.124774752,0.472016655,0.008126014,0.00063954,0.008708772,0.00024712,0.333042546,0.006740902,0.0457037
357,0.124489815,0.472569037,0.00807356,0.000635309,0.008650133,0.000245463,0.33281781,0.006755324,0.045763548
358,0.124207464,0.473126285,0.008021871,0.000631137,0.008592282,0.000243828,0.332583378,0.006769651,0.045824104
359,0.123927658,0.473688247,0.007970943,0.000627024,0.008535217,0.000242217,0.332339451,0.006783883,0.04588536
